12
12
12
2
3
0.0
0
0
0
0
0
0
0
0
0
0
0
0
0
0
0
0
0
0
0
0
0
0
0
0.0
0
0
0
0
0
0.0
0
0.0
0.0
0
0.0
0
0
0.0
0
0
0
0
0
0.0
0
0
0
0
0
0
0
0
0
0.0
0
0.0
0
0
0.0
0.137275506077
0
0
0
0
0
0.0705638109545
0
0.00388949585175
0
0
0.110290319027
0
0
0
0
0
0
0
0
0
0
0
0
0
0
0
0
0
0
0
0
0
0
0
0
0.0
0
0
0
0
0
0.0
0
0
0
0
0
0
0
0
0
0
0
0.0
0
0.0
0
0
0
0.0
0
0
0
0
0
0.0
0
0.0
0
0
0
0.14625217335
0
0.0
0
0
0
0.138691807915
0
0
0
0
0
0
0
0
0
0
0
0
0
0
0
0
0
0
0
0
0
0
0
0
0
0
0
0
0
0.0
0.0
0
0
0
0
0.0
0
0
0
0
0
0.0
0.0
0.0
0
0
0.0
0.0
0
0
0.0
0
0
0.0
0.0
0
0
0
0
0.0738124410574
0
0
0.0
0
0
0.11514055782
0.0
0
0
0
0
0.0808061255577
0.0
0.0
0
0
0
0
0
0
0
0
0
0
0
0
0
0
0
0
0
0
0
0
0
0
0
0
0
0
0
0.0
0
0
0
0
0
0.00221852425201
0.0
0
0
0
0
0.0
0.0
0
0
0
0
0.0
0.0
0.0
0
0.0
0
0.068676754629
0.0
0.0
0
0
0
0.122608809797
0.0
0.0
0.0787641291193
0
0
0.128126201001
0.0
0
0.0971855640543
0.0
0
0.0352456645514
0.0
0
0
0.0
0
0
0
0
0
0
0
0
0
0
0
0
0
0
0
0
0
0
0
0
0
0
0
0
0
0
0.0
0
0
0.0
0
0.00224048983866
0.0
0.0
0
0
0
0.0279086507109
0.0
0
0
0
0
0.0
0.0
0
0
0
0.0
0.0706774213324
0.0
0
0.0
0.0
0
0.07404236813
0.0
0.0
0
0.0
0.0
0.0
0.0
0
0.072317490507
0.0
0
0.0463812120853
0.0
0
0.044741625909
0.0
0
0
0
0
0
0
0
0
0
0
0
0
0
0
0
0
0
0
0
0
0
0
0
0
0
0
0
0
0
0
0
0.0
0.0
0
0
0
0
0.0
0.0
0
0
0
0
0.0199094572927
0.0
0
0
0.0
0
0.0
0.0
0.0
0.0
0.0
0
0.00346652292214
0.0
0
0.0730780909991
0
0.0
0.0209624902669
0.0
0
0
0
0
0.0106232549501
0.0
0
0.0182472909415
0.0
0
0
0
0
0
0
0
0
0
0
0
0
0
0
0
0
0
0
0
0
0
0
0
0
0
0.0
0.0
0
0
0
0
0.0
0.0
0
0
0
0
0.0
0.0
0.0
0
0
0
0.0
0.0
0
0.0473239820445
0
0
0.0495647680484
0.0
0.0
0.0
0
0
0.0524222695803
0.0
0
0
0.0
0
0.0192623882289
0.0
0
0.0257434947906
0.0
0
0.0237355621739
0.0
0
0.0
0.0
0
0
0
0
0
0
0
0
0
0
0
0
0
0
0
0
0
0
0
0
0
0
0
0
0
0
0.0
0
0
0
0
0.0
0.0
0
0.0
0.0
0
0.0
0.0
0
0
0
0
0.042884700235
0.0
0
0.0
0
0
0.0524398461239
0.0
0.0
0.0
0.0
0
0.0179505382618
0.0
0
0.0
0.256115135028
0
0.0
0.301135566632
0
0.0
0.288119053115
0
0.00515946134312
0.219867930228
0.0
0.0
0.285505706806
0
0
0
0
0
0
0
0
0
0
0
0
0
0
0
0
0
0
0
0
0.0
0
0
0
0
0.0
0
0
0
0
0
0.0
0.374118790763
0
0
0
0
0.000201794509031
0.314625712392
0
0.0
0
0
2.03690396568e-05
0.346446987014
0
1.81280419473e-05
0.0
0
0.0
0.330472620663
0
0.0
0
0
0.0
0.0014425469585
0
0
0.0382416370175
0
0.0
0.351552971836
0
0
0.0
0
0.0
0.0
0
0.0
0.0
0
0
0
0
0
0
0
0
0
0
0
0
0
0
0
0
0
0
0
0
0
0
0
0
0
0.0
0.0
0.0
0
0
0
0.0
0.422028731077
0
0.0
0
0
2.42165249254e-05
0.409854825373
0
0.0
0.189032522013
0
0.000169350585675
0.278768780514
0
0.0
0.0
0
0.0
0.265659063125
0
0.0
0.32785065282
0
0.0
0.263814837087
0
0.0
0.0
0
0.0
0.393050458203
0
0
0.0
0
0.0
0.0435061967313
0.0
0.0
0
0
0
0
0
0
0
0
0
0
0
0
0
0
0
0
0
0
0
0
0
0.0
0
0
0
0
0.0
0
0
0.0
0
0
0.0
0.208348066587
0
0.0
0
0
2.03743788547e-06
0.308696384706
0.0
0
0.314415264459
0
0.0
0.00170161098441
0
0.0
0.00202302639258
0
0.0
0.360463481517
0
0
0.0457597766145
0
0.0
0.321003438419
0
0
0.340403464545
0
0.0
0.360863813607
0
0
0
0
0.0
0.243063684687
0.0
0
0.0
0
0
0
0
0
0
0
0
0
0
0
0
0
0
0
0
0
0
0
0
0.229814208521
0
0
0
0
0.0
0.236756644234
0
0
0
0
0
0.0
0
0
0
0
0.0
0.179998681541
0
0.0
0
0
0.0
0.0
0
0.0
0.0
0
0.0
0.298007891491
0.0
0
0.340850504182
0
0.0
0.358803839746
0.0
0.0
0.34015595715
0
0.0
0.343809846954
0
0
0.357252309246
0
0.0
0.245917970441
0
0.0
0.0213658466687
0
0
0
0
0
0
0
0
0
0
0
0
0
0
0
0
0
0
0
0
0
0
0
0
0
0.0
0
0
0.149550821428
0
0.0
0.0
0
0
0.0
0
0.0
0.0
0
0.0
0.0
0
0.0
0.0
0
0
0.0
0
0.0
0
0
0
0.0
0
0.0
0.0
0
0.0
0.099554069989
0
0.0
0
0
0.0
0.143492218457
0
0.193060283867
0.00357075760334
0
0.0
0.153587877625
0
0.145919024108
0
0
0
0
0
0
0
0
0
0
0
0
0
0
0
0
0
0
0
0
0
0
0
0
0
0
0
0.0
0.0
0
0.0
0
0
0.0
0
0
0
0
0.0
0.0
0
0.0
0.0
0
0.0
0.0
0
0
0.0
0
0.0
0.0
0
0
0.0588031757954
0
0.0
0.0
0
0.0
0.0966443371514
0
0.0
0.119194766196
0
0
0.0877397405495
0
0.0
0.167377487278
0
0.0323288577876
0
0
0
0
0
0
0
0
0
0
0
0
0
0
0
0
0
0
0
0
0
0
0
0
0.0
0.0
0
0.0
0.0
0
0.0
0
0
0.00315238226226
0.0
0
0.0
0.0
0
0.0
0.0
0.0
0.0
0
0.0
0.0
0.0
0.0
0.0
0.0
0.0
0.117616466248
0.0
0
0.079523640238
0
0.0
0.143008198251
0.0
0.0
0.0547969550284
0.0
0
0.117081570548
0.0
0.0
0.0957188792251
0.0
0
0.0830450380626
0.0
0.0
0
0
0
0
0
0
0
0
0
0
0
0
0
0
0
0
0
0
0
0
0
0
0
0
0.0
0
0
0
0.0
0
0.0
0.0
0.0
0.0481950749711
0.0
0
0.0
0.0
0
0.00251432748561
0.0
0.0
0.0552639935875
0.0
0
0.03131970802
0.0
0
0.0729646745774
0.0
0.0
0.106011824883
0.0
0.0
0.0749333405257
0.0
0.0
0.0979908140254
0.0
0
0.107522255978
0.0
0
0.0844818882019
0.0
0
0.0794927128439
0.0
0
0.037624226875
0.0
0.0
0
0
0
0
0
0
0
0
0
0
0
0
0
0
0
0
0
0
0
0
0
0
0
0
0.0
0.0
0
0
0.0
0
0.0232572089258
0.0
0.0
0.0
0.0
0
0.0
0.0
0
0.0
0.0
0
0.0
0.0
0
0.00335271273437
0
0.0
0.0586947050029
0.0
0.0
0.0802475323163
0.0
0.0
0.0757889058061
0.0
0.0
0.0745544160698
0.0
0.0
0.0602711963457
0.0
0
0.0666921705121
0.0
0
0.0498198163935
0.0
0.0
0.0143078803816
0.0
0
0
0
0
0
0
0
0
0
0
0
0
0
0
0
0
0
0
0
0
0
0
0
0
0
0
0
0
0.0
0
0
0.0
0.0
0
0.0
0.0
0.0
0.0
0.0
0.0
0.0
0.0
0
0.0605806468563
0.0
0
0.00687286373253
0.0
0.0
0.0623964334736
0.0
0.0
0.0608872834862
0.0
0.0
0.0632485867571
0.0
0
0.0680421570742
0.0
0.0
0.0189275763349
0.0
0
0.0303906379258
0.0
0
0.0293324076887
0.0
0.0
0.0221324908656
0.0
0
0
0
0
0
0
0
0
0
0
0
0
0
0
0
0
0
0
0
0
0
0
0
0
0
0.0
0.0
0
0.0
0.0
0
0.0
0
0
0.0
0.0
0
0.0
0.0
0.0
0.00523290126785
0.0
0.0
0.0
0.0
0
0.0450911803071
0.0
0
0.0448307419933
0.0
0.0
0.00421154247127
0.0
0.0
0.0541795591154
0.0
0
0.0
0.0
0.0
0.0436349541829
0.0
0
0.0221222658847
0.0
0
0.0253193486214
0.0
0.0
0.0253352560396
0.0
0
0
0
0
0
0
0
0
0
0
0
0
0
0
0
0
0
0
0
0
0.0
0
0.0
0
0
0.0
0.0
0
0.0
0.0
0
0.0
0.0
0
0.0
0.0
0
0.0
0.0
0
0.0
0.0
0.0
0.0466421862835
0.0
0
0.000221391524134
0.0
0
0.0345836888005
0.253291598101
0.0
0.0
0.0
0.0
0.0161388820667
0.248164508265
0
0.0488047920923
0.345860860461
0
0.0441453581962
0.238402094777
0
0.0199097627257
0.230059811623
0
0.0158249099193
0.242354834192
0.0
0.0
0.260342428462
0.0
0
0
0
0
0
0
0
0
0
0
0
0
0
0
0
0
0
0
0
0.0
0
0
0.0
0
0.0
0.0
0.0
0.0
0
0
0.000172966722027
0.0
0
2.59288044655e-06
0.261934282859
0
0.0
0.338015629358
0
2.29492169008e-05
0.316513940579
0
0.0370078473954
0.0196461474448
0
2.39902022625e-05
0.317307371054
0
0.0165806500141
0.310674662173
0
1.9750041235e-05
0.346681083456
0.0
0.0374819079024
0.243698754213
0
0.0
0.312419746414
0
0.0182346975509
0.0
0
0.0
0.282918777691
0
0.00619511539239
0.0
0.0
0.0
0.0344676591911
0.0
0
0
0
0
0
0
0
0
0
0
0
0
0
0
0
0
0
0
0
0
0
0
0
0
0.0
0
0.0
0.0
0.228507031248
0.0
0.0
0.358326281103
0
0.0
0.357609645543
0
2.82823951341e-05
0.178584057074
0
2.35559635407e-07
0.430159559841
0
0.00190470591296
0.206897293996
0
0.0
0.417409598408
0
0.0101589429597
0.385624898425
0
0.0
0.49694245089
0
8.52920681715e-06
0.148071756564
0
0.0
0.444283434825
0
1.13742814486e-05
0.151931533017
0
0.0
0.425376591317
0
6.24537848485e-05
0.0291826181151
0.0
0.0
0.0296873346959
0.0
0
0
0
0
0
0
0
0
0
0
0
0
0
0
0
0
0
0
0
0.0
0
0
0.335249590436
0
0.0
0
0
0.0
0
0.0
0.0
3.47642808752e-06
0
0.0
0.34599323952
0
0.000190764376262
9.09467367249e-06
0.0
2.39902022625e-05
0.323989437933
0.0
0.0
0.0
0
0.0
0.0
0
8.19968669753e-06
0.327344160347
0
0.0
0.394893644358
0
0.000120947297983
0.308097691323
0
0.0
0.363312005806
0
1.22217824591e-05
0.194271576056
0
0.0
0.203845095411
0
0.0
0.258590058853
0
0.0
0.0742652753827
0.0
0
0
0
0
0
0
0
0
0
0
0
0
0
0
0
0
0
0
0
0.20687473768
0
0
0.305697377429
0
0.0
0.0202761169627
0
0
0.195460519091
0
0.0
1.84322135099e-06
0
0
0.260621054618
0
0.0
2.06610180871e-05
0.0
0.0
0.171665017771
0.0
0.0
9.78291505629e-05
0.0
0.0
1.26030989189e-05
0
0.0
0.279295650007
0.0
0.0
0.359861743463
0.0
0.0
0.316166133331
0.0
0.0
0.400325259273
0
0.0
0.215450956496
0
0
0.357597099321
0
0.0
0.189603770843
0.0
0.0
0.243933246446
0.0
0
0
0
0
0
0
0
0
0
0
0
0
0
0
0
0
0
0
0
0
0
0
0
0
0
0
0
0.0
0
0.00959382628028
0.0
0
0
0.0
0
0.0
0.0
0
0.0
0.0
0
0.0
0.0
0
0.0
0.0
0
0.0
0.0
0
0.0
0.0787324553993
0
0.00835041193629
0.0
0
0.0
0.225190145859
0
0.0061831127033
0
0
0.0
0.16628959145
0
0.190992255727
0.0
0
0.0
0.181721519026
0
0.0932716045731
0
0
0
0
0
0
0
0
0
0
0
0
0
0
0
0
0
0
0
0
0
0
0
0
0.0
0
0
0.0
0.0
0.0
0.0
0
0
0.0
0
0.0
0.0
0
0.0
0.0
0.0
0.0
0.0
0
0.0
0.0
0
0.0
0.0
0
0.0
0.0
0
0.0
0.0
0
0.0
0.0167850246325
0.0
0.0
0.0
0
0
0.0880319188706
0.0
0.0
0.0965437942144
0
0
0.164177035394
0.0
0.265633559631
0
0
0
0
0
0
0
0
0
0
0
0
0
0
0
0
0
0
0
0
0
0
0
0
0.0
0.0
0
0.0
0
0
0.0
0
0.0
0.0
0.0
0
0.0
0
0
0.0649741010722
0.0
0.0
0.0
0
0
0.00290544509448
0.0
0
0.0
0
0.0
0.107145316296
0.0
0
0.0680905023753
0
0.0
0.134758139294
0.0
0.0
0.0571903453706
0
0
0.148672577404
0.0
0
0.0519434953057
0
0.0
0.0604801974102
0.0
0
0
0
0
0
0
0
0
0
0
0
0
0
0
0
0
0
0
0
0
0
0
0
0
0
0.0
0
0
0
0.0
0
0.0
0.0
0.0
0.0336876344347
0.0
0
0.0
0.0
0.0
0.0
0.0
0.0
0.0
0.0
0
0.0936221210356
0.0
0.0
0.0609807949224
0.0
0.0
0.0348332800898
0.0
0
0.0744411239355
0.0
0
0.0863914396981
0.0
0.0
0.0
0.0
0
0.0484542874515
0.0
0.0
0.0343053378704
0.0
0.0
0.0147409607564
0.0
0.0
0
0
0
0
0
0
0
0
0
0
0
0
0
0
0
0
0
0
0
0
0
0
0
0
0
0.0
0
0.0
0
0
0.0
0.0
0
0.000872652062843
0.0
0
0.0
0.0
0.0
0.0
0.0
0.0
0.049573207851
0.0
0
0.00650209363276
0.0
0
0.0472547808567
0.0
0.0
0.0545375711304
0.0
0
0.0551839494427
0.0
0
0.0807662118059
0.0
0.0
0.0
0.0
0
0.00416411289631
0.0
0
0.06260646829
0.0
0.0
0.0326656635808
0.0
0.0
0
0
0
0
0
0
0
0
0
0
0
0
0
0
0
0
0
0
0
0
0
0
0
0
0.0
0.0
0
0.0
0
0
0.0
0.0
0
0.0
0.0
0
0.0
0.0
0
0.0494876193518
0
0
0.0583793608634
0.0
0
0.0059306214369
0.0
0.0
0.0607649513916
0.0
0.0
0.0692281815479
0.0
0.0
0.0534083239512
0.0
0
0.0
0.0
0
0.00593718729942
0.0
0
0.0157257426459
0.0
0
0.0232338122823
0.0
0.0
0.00461403064381
0.0
0.0
0
0
0
0
0
0
0
0
0
0
0
0
0
0
0
0
0
0
0
0
0
0
0
0
0.0
0.0
0
0
0.0
0
0.0
0.0
0
0.000251144407446
0.0
0.0
0.0
0.0
0
0.0
0.0
0
0.0546748731683
0.0
0
0.000248625567568
0.0
0.0
0.0511465441259
0.0
0
0.0561526268203
0.0
0.0
0.0423992320984
0.0
0
0.0
0.0
0.0
0.0508444999377
0.0
0
0.065401486284
0.0
0
0.0182015207169
0.0
0.0
0.0183928912698
0.0
0
0
0
0
0
0
0
0
0
0
0
0
0
0
0
0
0
0
0
0
0.0
0
0.0
0
0
0.0
0.0
0
0.0
0.0
0
0.034574664115
0.0
0
0.0
0.0
0
0.0
0.0
0
0.0
0.0
0
0.0384263405403
0.206803756888
0
0.000221064509901
0.0
0
0.0160037507558
0.208114017575
0
1.49765013615e-05
0.346621254583
0.0
0.0178780929154
0.216379359638
0
0.0
0.387837084607
0.0
0.0429406643923
0.196229747516
0
0.0
0.312580629879
0
0.0135694419608
0.0292555944968
0.0
0.0
0.361536124164
0
0
0
0
0
0
0
0
0
0
0
0
0
0
0
0
0
0
0
0
0
0
0
0.0
0
0.0
0.0
0.0
0.0
0
0
0.0
0.0
0
0.0
0.373138220898
0
0.0127622178295
0.312863910261
0
0.0
0.342831984315
0.0
0.0337385652407
0.00108061140709
0
0.0
0.370222924153
0
0.0316783278148
0.267740473103
0
0.000194371574273
0.0
0.0
0.0169362584452
0.214620550917
0
0.0
0.419255631181
0
0.014499665845
0.140199902307
0
0.0
0.339302508525
0
0.0153678815939
0.00360395392423
0
0.0
0.0
0
0
0
0
0
0
0
0
0
0
0
0
0
0
0
0
0
0
0
0
0
0
0
0.481716457668
0
0.0
0
0
0.0
0.279180958086
0
0.0
0.304239295276
0
0.0
0.476314709337
0
0.00236236058912
0.0
0.0
0.0
0.0
0.0
0.000343089727468
9.54841472354e-05
0
0.0
0.520707020128
0
0.0
0.308337332576
0
0.0
0.403774946589
0.0
0.0181973763615
0.158560922473
0
0.0
0.453847008341
0
0.0138561924311
0.13399517928
0
0.0
0.00645469306052
0
0.0
0.0172321405831
0
0.0
0.0312133472329
0.0
0
0
0
0
0
0
0
0
0
0
0
0
0
0
0
0
0
0
0
0
0
0
0.336401395048
0
0.0
1.43517186802e-06
0
0
0.383674531277
0.0
0.0
0.0
0
0.0
0.364576600451
0
0.00603212537096
1.38955619306e-05
0.0
0.0
0.40365877944
0
0.010097614206
0.258448397679
0
0.0
5.14814181256e-06
0
0.00759726930605
0.265819622422
0.0
0.0
0.384752727021
0.0
2.1292434437e-05
0.229519074742
0
0.0
0.408063275206
0
0.000152131014375
0.126834322175
0
0.0
0.429735979558
0
0.0006778646203
0.126828451506
0
0.0
0.10894487231
0.0
0
0
0
0
0
0
0
0
0
0
0
0
0
0
0
0
0
0
0
0.0177169954043
0
0
0.345164789545
0
0.0
0.24242434206
0.0
0
0.29228962669
0
0.0
0.0
0
0
0.316244047678
0
0.0017336240238
2.35661224448e-05
0.0
0
0.0
0.0
0.00144886151843
0.000303881748501
0.0
0
0.331781626086
0
0.000686861480824
0.279298155266
0.0
0.0
0.228786210223
0
6.85039713504e-06
0.261838173027
0.00014161604619
0.0
0.399085874935
0
0.000163645208931
0.176597643373
0
0
0.45357930778
0
0.000425141573707
0.0955119927752
0.0
0.0
0.315858312691
0.0
0
0
0
0
0
0
0
0
0
0
0
0
0
0
0
0
0
0
0
0
0
0
0
0
0
0
0
0.0
0
0.0
0
0
0
0.0
0
0.195856186877
0
0
0.0
0.0
0.0
0.0
0.0
0
0.0
0.0
0
0.0
0
0
0.0
0.0
0
0.190292313463
0
0
0.0
0.1764909186
0.0
0.226399836996
0.0
0
0
0.196418765452
0
0.279961024075
0.0
0
0
0.219477664375
0.0
0.26916425065
0
0
0
0
0
0
0
0
0
0
0
0
0
0
0
0
0
0
0
0
0
0
0
0
0.0
0
0
0.0
0.0
0.0
0.0
0
0
0
0
0.0
0.0
0
0
0.0702289399745
0.0
0.0
0.0
0
0
0.0
0.0
0.0
0.0
0
0.0
0.0
0.0
0.225052202238
0.0
0
0.0
0.065937514139
0.0
0.22200769904
0
0
0
0.0711344913831
0.0
0.0
0.0
0
0.0
0.0704074764035
0.0
0.234422974453
0
0
0
0
0
0
0
0
0
0
0
0
0
0
0
0
0
0
0
0
0
0
0
0
0
0.0
0
0
0
0.0
0.0
0
0.0
0.00134540696706
0.0
0.0
0
0
0.0
6.53232140869e-05
0.0
0.0
0.0
0
0
0.00314678280996
0.0
0.0
0.0616311051345
0
0.0
0.000332169457536
0.0
0
0.0504254496555
0
0
0.07066468461
0.0
0.0
0.0509835508018
0
0
0.025080037635
0.0
0.0
0.0552073636282
0
0
0.0198945121763
0.0
0.245058582851
0
0
0
0
0
0
0
0
0
0
0
0
0
0
0
0
0
0
0
0
0
0
0
0
0.0
0
0
0.0
0.0
0
0.0
0.0
0
3.19979459424e-06
0.0
0.0
0.0
0
0.0
0.0385536260752
0.0
0
0.0
0
0
0.000284716677888
0.0
0
0.0
0.0
0.0
0.0543583953839
0.0
0
0.0456598802394
0
0
0.0433020764635
0.0
0
0.0506827828381
0.0
0
0.0958201430844
0.0
0
0.0560500383327
0.0
0.0
0.0476083398486
0.0
0
0
0
0
0
0
0
0
0
0
0
0
0
0
0
0
0
0
0
0
0
0
0
0
0
0
0
0
0.0
0
0
0
0.0
0
0.0340179053605
0.0
0.0
0.0
0.0
0
0.00103748634138
0.0
0.0
0.0428477911932
0.0
0
0.0330825351669
0.0
0.0
0.0
0.0
0.0
0.0697738308617
0.0
0
0.0506518217536
0.0
0
0.0535649848479
0.0
0.0
0.0358452314715
0.0
0
0.0235171859585
0.0
0.0
0.0362390834594
0.0
0.0
0.0060504762643
0.0
0
0
0
0
0
0
0
0
0
0
0
0
0
0
0
0
0
0
0
0
0
0
0
0
0
0
0.0
0
0
0
0
0.0
0.0
0
0.0
0.0
0
0.0
0.0
0
0.0592586718156
0.0
0.0
0.0029765124956
0.0
0
0.0571856934731
0.0
0
0.0
0.0
0
0.000380969529838
0.0
0
0.0446797780707
0.0
0
0.0
0.0
0.0
0.0175246118479
0.0
0
0.0709326170793
0.0
0
0.0399346694447
0.0
0
0.00920246635584
0.0
0.0
0
0
0
0
0
0
0
0
0
0
0
0
0
0
0
0
0
0
0
0
0
0.0
0
0
0.0
0
0
0.0
0.0
0
0.0
0.0
0
0.0
0.360600618075
0
0.00245767086792
0.0
0
0.0
0.0
0
0.0487958996932
0.0
0
0.000237572977241
0
0.0
0.0416643970904
0.0
0
0.0
0.0
0
0.0345591722165
0.0
0
0.0
0.0
0.0
0.0
0.0
0
0.0
0.0
0
0.0144413278762
0.0
0
0.0
0.0
0.0
0
0
0
0
0
0
0
0
0
0
0
0
0
0
0
0
0
0
0
0
0
0.0
0
0
0.0
0.0
0.0
0.0
0.0
0
0.0
0.0
0
0.0
0.0
0.0
0.0438358769222
0.0
0
0.000281035823202
0.0
0
0.0467494697268
0.188395676188
0
0.0
0.425817989879
0.0
0.0416051529501
0.184866921728
0
0.0
0.431481858839
0.0
0.0304345426681
0.0112420385614
0
0.0
0.427243900651
0.0
0.0116309502521
0.164895070534
0
0.0
0.0
0
0.0264430779462
0.185046067985
0
0.0
0.401774024107
0
0
0
0
0
0
0
0
0
0
0
0
0
0
0
0
0
0
0
0
0
0
0
0.392345980565
0
0.0
0.0
0.0
0.0
0
0
0.0
0.0
0
0.0
0.409326899325
0
0.0350581286918
0.269419100536
0
0.0
0.41421506862
0
0.0
0.000794206732367
0
0.0
0.403735621763
0
0.0153271529677
0.181077057023
0
0.0
0.607279635904
0.0
0.0171815525358
0.214744246754
0
0.0
0.448626694897
0.0
0.0262899652761
0.00594668140255
0
0.0
0.421296198894
0
0.00783295188345
0.0
0
0.0
0.0
0
0
0
0
0
0
0
0
0
0
0
0
0
0
0
0
0
0
0
0
0
0
0
0.0
0
0.0
0
0
0.0
0.511492694662
0
0.0
0.0
0
0.0
0.47716185826
0
0.0316114851239
0.0
0.0
0.0
0.302193496139
0.0
0.0269633988672
0.122241514262
0
0.0
0.51877527108
0
0.0345415457166
0.23376484413
0
0.0
0.530475928584
0.0
0.0136391737501
0.141612284059
0
0.0
0.544063431298
0.0
0.00920793884605
0.0228411349888
0
0.0
0.582701543593
0
0.010819523965
0.0216651367642
0
0.0
0.216578912269
0
0
0
0
0
0
0
0
0
0
0
0
0
0
0
0
0
0
0
0
0
0
0
0.383227347277
0
0.0
0.203908325097
0.0
0
0.346695985932
0.0
0.0
0.0
0
0
0.403514535988
0
0.00199659495741
0.185129456034
0
0.0
0.2993426141
0.0
0.00589785508742
0.277964203098
0.0
0.0
0.359844590832
0
0.000665414974615
0.205190165981
0.0
0.0
0.414132693585
0.0
0.0
0.209672906929
0.0
0.0
0.478888609149
0
0.0100597344702
0.0511123548373
0
0
0.474909734026
0
0.000637918939337
0.0104672908455
0.0
0.0
0.374730011366
0
0
0
0
0
0
0
0
0
0
0
0
0
0
0
0
0
0
0
0
0
0
0
0.329126177488
0
0.0
0.143139111834
0
0
0.391765097757
0.0
0.0
0.0
0.0
0
0.393598547636
0
0.00664730918091
9.73738829696e-05
0.000132049848537
0.0
0.437603226441
0
0.00245852243094
0.00190984075471
0.00261617158438
0
0.340457038303
0
0.00396266453082
0.230828730496
0.0
0.0
1.48384651889e-06
0.0
0.0
0.0253681522385
0.0
0
0.454782501156
0
0.0004841890145
0.0
0.0
0
0.434324783522
0
0.0
0.12637567592
0.0
0.0
0.506602514428
0
0
0
0
0
0
0
0
0
0
0
0
0
0
0
0
0
0
0
0
0
0
0
0
0
0
0
0
0
0
0.0
0
0
0
0.0
0
0.0
0.0
0
0
0.0777568015919
0.0
0.0
0.0
0
0.0
0.00481481812517
0
0.0
0.0
0
0.0
0.0
0
0.0
0
0
0
0.0866900263702
0.0
0.0706512944634
0
0
0
0.0
0
0.367505083562
0.0
0
0.0
0.0809254407571
0.0
0.260805351281
0
0
0
0
0
0
0
0
0
0
0
0
0
0
0
0
0
0
0
0
0
0
0
0
0
0
0
0
0.0
0.0
0.0
0
0.0
0.00325274872348
0
0.0
0
0
0.0
2.14685126453e-07
0.0
0.0
0.0
0
0
0.0610359270681
0.0
0.230675064545
0
0
0.0
0.0715723029825
0.0
0.0
0
0
0
0.0694734106297
0.0
0.0
0.0
0
0
0.0952928213911
0.0
0.286230315234
0
0
0.0
0.0778672758196
0.0
0.419188463101
0
0
0
0
0
0
0
0
0
0
0
0
0
0
0
0
0
0
0
0
0
0
0
0
0.0
0.0
0
0.0
0.0
0.0
0.0
0
0
0.0601957590009
0.0
0.0
0.0
0
0.0
0.00153974352897
0
0.0
0.0
0
0
0.0502969047846
0.0
0.027263371485
0.0
0
0.0
0.00175295054334
0.0
0.289625358817
0.0
0
0
0.00353433051636
0.0
0.263942486637
0
0
0
0.062808365667
0.0
0.00882124079005
0.0
0
0.0
0.0241827182946
0.0
0.410322764182
0
0
0
0
0
0
0
0
0
0
0
0
0
0
0
0
0
0
0
0
0
0
0
0
0.0
0
0
0.0
0.0
0.0
0.0
0.0
0
0.00135859723144
0.0
0
0
0
0
0.0
0.0
0
0.0
0
0
0.00151697643173
0
0.0
0.0499541837709
0
0
0.00593640549912
0.0
0
0.0193042768558
0
0
0.0578488293218
0.0
0.0
0.0555780671302
0
0
0.0
0.0
0.323027651129
0.0550725944262
0
0.0
0.0191915028252
0.0
0.279077187517
0
0
0
0
0
0
0
0
0
0
0
0
0
0
0
0
0
0
0
0
0
0
0
0
0.0
0
0
0
0
0
0.0
0.0
0
0.0
0.0
0
0.0
0.0
0
0.0
0.0
0
0.0425921189161
0.0
0
0.000324456861417
0.0
0.0
0.0
0.0
0
0.0486844786117
0.0
0
0.0
0.0
0
0.0392308758959
0.0
0
0.050688162034
0.0
0
0.000341852227103
0.0
0
0.0456522013034
0.0
0
0.0278777800231
0.0
0
0
0
0
0
0
0
0
0
0
0
0
0
0
0
0
0
0
0
0
0
0
0
0
0
0
0.0
0
0.0
0
0
0
0.0
0
0.0
0
0.0
0.0
0
0
0.000312783306459
0.0
0.0
0
0.0
0
0.00133093275316
0.0
0.0
0
0.0
0
0.0
0.0
0
0.015462892807
0.0
0
0.0
0.0
0
0.034489818843
0.0
0
0.0
0.0
0.0
0.0
0.0
0
0.0
0.0
0
0
0
0
0
0
0
0
0
0
0
0
0
0
0
0
0
0
0
0
0
0
0.0
0
0
0
0
0
0.0
0.0
0
0
0.0
0
0.000301481657612
0.424983144729
0.0
0.00445415773012
0.0
0
0.0
0.0
0.0
0.0468065122602
0.0
0
1.89611105416e-05
0
0
0.0
0.0
0
0.0
0.0
0
0.0
0.0
0
0.0
0.0
0.0
0.0134524702956
0.0
0
0.0
0.0
0
0.0113118629336
0.0
0
0.0
0.0
0.0
0
0
0
0
0
0
0
0
0
0
0
0
0
0
0
0
0
0
0
0
0
0
0
0
0.0
0.0
0.0
0.000268647021634
0.461511612374
0
0.0
0.0
0
0.0
0.462036936724
0
0.0421105171552
0.0113363553786
0
0.0
0.425000566966
0
0.0413269136967
0.176907724621
0
0.0
0.479701039446
0.0
0.0412880687495
0.077875087395
0
0.0
0.476969815043
0
0.000449017545458
0.0827846641431
0
0.0
0.42886034754
0.0
0.00858493364521
0.149048808773
0
0.0
0.0
0
0.0146736406606
0.143696910136
0
0.0
0.446415593376
0.0
0
0
0
0
0
0
0
0
0
0
0
0
0
0
0
0
0
0
0
0
0
0
0.39425970018
0
0.0
0.0
0
0.0
0.449018177757
0
0.0
0.0
0
0.0
0.454193163288
0.0
0.0271212161344
0.202256807837
0
0.0
0.464219852266
0
0.00220477481718
0.0113467668585
0
0.0
0.477820836952
0
0.0290370274299
0.193747585424
0
0.0
0.762736936446
0
0.0251809705616
0.183634216285
0
0.0
0.480347254897
0.0
0.0
0.0934219776063
0
0.0
0.0
0
0.0254347540241
0.0
0
0.0
0.286015875492
0
0
0
0
0
0
0
0
0
0
0
0
0
0
0
0
0
0
0
0
0
0
0
0
0
0.0
0
0.0
0
0.422942288563
0
0.0
0.0
0
0.0
0.416933198768
0
0.0
0.0
0.0
0.0
0.392546249942
0
0.0123328287864
0.118284270879
0
0.0
0.352559078829
0
0.0147227664083
0.201318544966
0
0.0
0.518980912629
0.0
0.0149068232059
0.192181937891
0
0.0
0.56722276823
0.0
0.00708029758766
0.0228187598896
0
0.0
0.531545162879
0
0.00182140701437
0.0180318814872
0
0.0
0.197712054914
0
0
0
0
0
0
0
0
0
0
0
0
0
0
0
0
0
0
0
0
0
0
0
0.395112979791
0
0.0
0.0
0.0
0
0.40853557382
0
0.0
0.000125470296298
0
0
0.531521851587
0
0.00815389105684
0.0135958018084
0.0
0
0.448145017499
0.0
0.0281232179055
0.0858669180844
0.0
0
0.566113142063
0
0.013949766832
0.227790974823
0.000258572698937
0.0
6.87181596017e-06
0.0
0.0235740953652
0.188448496467
0.0
0.0
0.486017364273
0.0
0.0
0.0291668546033
0
0
0.546631139589
0
0.00450158650881
0.0243393308606
0.0
0.0
0.436250229624
0
0
0
0
0
0
0
0
0
0
0
0
0
0
0
0
0
0
0
0
0
0
0
0
0
0.0
0.0
0.0
0
0.017983459297
0.0
0.0
0.0
0.0
0
0.610632289383
0
0.0067724949186
0
0.0
0.0
0.446301856573
0.0
0.00648289343039
0
0.00584634830365
0
0.0
0
0.00673113977205
0.0285442046319
0.00613070501775
0.0
0.0
0
0.0
0.0258513551383
2.70679177503e-05
0
0.51014469972
0
0.0
0.0
0.0
0
0.50340455668
0
0.0
0.000913205225437
0.0
0
0.568066822934
0
0
0
0
0
0
0
0
0
0
0
0
0
0
0
0
0
0
0
0
0
0
0
0
0
0
0
0
0
0
0.0
0
0
0.0
0.0
0
0.0
0
0
0.0
0.0864973707578
0.0
0.000459395490842
0.0
0
0
0.0890576422852
0.0
0.00499396139458
0.0
0
0.0
0.0730640063372
0.0
0.0
0
0
0
0.0792181838568
0.0
0.00572481306218
0
0
0
0.0701324543136
0.0
0.0702034980455
0.0
0
0.0
0.0962952557011
0.0
0.381045008285
0
0
0
0
0
0
0
0
0
0
0
0
0
0
0
0
0
0
0
0
0
0
0
0
0
0
0
0.0
0.0
0.0
0
0
0
0.0660167615193
0.0
0.0
0.0
0
0.0
0.00368644855328
0.0
0.0
0.0
0
0
0.0850391287374
0.0
0.0
0.0
0
0.0
0.0711097338468
0.0
0.0
0
0
0
0.0774849161794
0.0
0.0
0.0
0
0
0.111701809264
0.0
0.215216390322
0.0
0
0
0.0579262254107
0.0
0.249481863755
0
0
0
0
0
0
0
0
0
0
0
0
0
0
0
0
0
0
0
0
0
0
0
0
0.0
0.0
0
0.0
0.0
0.0
0.0
0
0
0.0647770620505
0.0
0.0
0.0
0
0
0.0702283751796
0.0
0
0.0
0
0
0.0499841789671
0.0
0.0
0.0
0
0
0.000322962400018
0.0
0.322635043836
0
0
0
0.0987778486057
0.0
0.323002047168
0.0
0
0
0.0584984745443
0.0
0.0
0.0
0
0
0.0126422267987
0.0
0.338319896393
0
0
0
0
0
0
0
0
0
0
0
0
0
0
0
0
0
0
0
0
0
0
0
0
0
0.0
0
0
0
0.0
0.0
0.0
0
0.0
0.0
0.0
0.0
0
0
1.239734272e-05
0.0
0.0
0.0
0
0
0.000281555500927
0
0.276465629876
0.0168678147284
0
0
0.0854877203671
0.0
0.0182587892628
0.0
0
0
0.00172713764049
0.0
0.0187858436506
0.0
0
0
0.0354270487704
0.0
0.307932901076
0.0349458508934
0
0
0.0546521399387
0.0
0.516670933334
0
0
0
0
0
0
0
0
0
0
0
0
0
0
0
0
0
0
0
0
0
0
0
0
0.0
0
0
0
0
0.0
0.0
0.0
0
0.0
0.0
0
0.0
0.0
0
0.000114056259278
0.0
0
0.0
0
0
0.00024602417256
0.0
0.0
0.0338814066481
0.0
0
9.18423852919e-05
0.0
0
0.048633479653
0.0
0
0.0464027603253
0.0
0.0717558231377
0.0414106081254
0
0
0.0
0.0
0.0
0.0266017025717
0.0
0
0.000191664502861
0.0
0.168014591473
0
0
0
0
0
0
0
0
0
0
0
0
0
0
0
0
0
0
0
0
0
0.0
0
0
0
0.0
0
0.000131245246197
0
0
0
0.0
0
0.0
0
0
0.0
0.0
0
0.0
0.0
0
0.0
0.0
0
8.87168206871e-05
0.0
0.0115470395513
0.0
0.0
0
0.0
0.0
0
0.011901873938
0.0
0
0.0
0.0
0
0.0154100880687
0.0
0
0.000119142799076
0.0
0.0
0.0303403884214
0.0
0
0.000778441179051
0.0
0
0
0
0
0
0
0
0
0
0
0
0
0
0
0
0
0
0
0
0
0
0
0
0
0
0
0.0
0.0
0.0
0.472253253894
0
0
0.0
0
0.0
0.486105279282
0
0.0
0.0
0
0.0
0.464365911365
0.0
0
0.0
0
0.00134342614183
0.44966018178
0.0
0.0
0.0
0
0.0
0.385193180058
0
0.0115306888248
0.0
0
0.0
0.0
0
0.0
0.0
0
0.00100188262859
0.0
0.0
0.0
0.0
0
0.0
0.0
0
0
0
0
0
0
0
0
0
0
0
0
0
0
0
0
0
0
0
0
0
0
0
0
0
0
0.0
0.0
0.0
0.520261127321
0
0
0.0
0
0.0
0.535433419991
0.0
0.0376441928722
0.133231468499
0.0
0.0
0.539043092845
0.0
0.0315050052681
0.000525403006484
0
0.0
0.477583524331
0
0.0
0.0788880868664
0
0.0
0.500466884709
0
0.0
0.103003976417
0
0.0
0.440095621328
0.0
0.0
0.130725637225
0
0.0
0.437405049751
0
0.0096249021313
0.105459206031
0
0.0
0.496017326404
0
0
0
0
0
0
0
0
0
0
0
0
0
0
0
0
0
0
0
0
0
0
0
0.0
0
0.0
0.0
0.0
0.0
0.508981375803
0
0.0
0.0
0
0.0
0.454590040265
0.0
0.0327255387882
0.164876927191
0.0
0.0
0.495903709489
0.0
0.0227246301625
0.119384572506
0
0.0
0.543260871167
0.0
0.0317978362406
0.172825713735
0
0.0
0.528749575755
0
0.00738981176988
0.131766108533
0
0.0
0.677197163177
0.0
0.0
0.0583002603046
0
0.0
0.0
0
0.0149824507505
8.9273827478e-05
0
0.0
0.0562043025415
0.0
0
0
0
0
0
0
0
0
0
0
0
0
0
0
0
0
0.344838580241
0
0
0
0
0
0.315654959048
0
0.0
0.0111048908966
0.0
0
0.455588986875
0
0.0
0.0124993803898
0
0
0.451167397615
0.0
0.0
0.000400192068903
0.0
0.0
0.710319801351
0
0.0148912221089
0.180450674858
0.0
0.0
0.685826255104
0
0.0248677653052
0.175422749999
0.0
0.0
0.706489098549
0
0.0248848426513
0.161671297177
0.0
0.0
0.609307082418
0
0.0
0.0253514964508
0
0
0.448732234399
0
0.0081893367065
0.00738323028473
0
0.0
0.666962916818
0.0
0
0
0
0
0
0
0
0
0
0
0
0
0
0
0
0
0
0
0
0
0
0
0.466305071272
0
0.0
7.11701260513e-05
0.0
0
0.409146704142
0
0.0
0.012260428811
1.58431544043e-07
0
0.395875394087
0
0.00316511763383
0.0131965046593
0.0
0.0
0.486422065229
0
0.0252505154947
0.176299217981
0.000254575239503
0
0.479245667182
0
0.0186112556154
0.20498964774
0.0067673447652
0.0
0.502863756754
0
0.0117531712547
0.146441258547
5.68369387271e-05
0
0.607325702375
0.0
0.000979015034515
0.169310201633
0.0
0
0.546419296281
0
0.00235793976612
0.0986272986733
0.0
0
0.573224883714
0
0
0
0
0
0
0
0
0
0
0
0
0
0
0
0
0
0
0
0
0
0
0
0
0
0.0
0
0.0
0.0
0.0
0.0
0.0
0
0.0
0
0.0375059002045
0
0.00364018296098
0
6.41414956004e-05
0.0
0.679340302328
0
0.00673705461967
0
0.00833682923271
0
0.0
0
0.022318868397
0.0
0.00676494571199
0.0
0.0
0.0
0.00530159084701
0.0258066601902
6.37262646334e-06
0.0
0.561895796145
0.0
0.0
0.0231288282351
0.0
0
0.631464345006
0
0.0
0.0
0.0
0
0.610977071274
0
0
0
0
0
0
0
0
0
0
0
0
0
0
0
0
0
0
0
0
0
0
0
0
0
0
0
0
0
0
0
0.0
0
0
0.00525848926624
0
0.0
0.0
0
0.0
0.0
0.0
0.00607647648543
0
0
0
0.0964900677246
0.0
0.00727970056055
0.0
0
0.0
0.0964904389973
0.0
0.0065517305045
0
0
0
0.0
0.0
3.72228616455e-05
0
0
0
0.0601124023049
0.0
0.11307639903
0.0
0
0
0.0765156027444
0.0
0.0615948283574
0
0
0
0
0
0
0
0
0
0
0
0
0
0
0
0
0
0
0
0
0
0
0
0
0
0
0
0.0
0.0
0.0
0.0
0
0
0.0
0.0
0.0
0
0
0
0.0728610276656
0
0.0
0.0
0
0
0.000693114772988
0.0
0.0
0.0
0
0
0.100142340538
0.0
0.0
0
0
0
0.102670188827
0.0
0.342774675377
0
0
0
0.0804715236467
0
0.184604930621
0.0
0
0
0.00292473059051
0.0
0.0592324840317
0
0
0
0
0
0
0
0
0
0
0
0
0
0
0
0
0
0
0
0
0
0
0
0
0.0
0
0
0
0.0
0.0
0.0
0
0
0.0
0.0
0.0
0.0
0
0
0.0
0.0
0.323964308509
0.0
0
0
1.40503217493e-05
0
0.0
0.0
0
0
0.000693114772988
0.0
0.359255051256
0
0
0
0.0
0.0
0.485323299913
0.0
0
0
2.17375703461e-05
0.0
0.387493923055
0.0
0
0
0.00875861429488
0.0
0.510484045599
0
0
0
0
0
0
0
0
0
0
0
0
0
0
0
0
0
0
0
0
0
0
0
0
0.0
0.0
0
0
0
0.0
0.0
0.0
0
0.0
0
0.0
0.0
0
0
0.0
0.0
0.0
0.0
0
0
1.26058961489e-05
0
0.0
0.0
0
0
0.000214405042728
0.0
0.0
0
0
0
0.0
0.0
0.398483339668
0.0
0
0
0.0370974664203
0.0
0.299437413909
0.0
0
0
0.000199261061506
0.0
0.603829939896
0
0
0
0
0
0
0
0
0
0
0
0
0
0
0
0
0
0
0
0
0
0.0
0
0
0.0
0
0
0.0
0
0.0
0.0
0.0
0
0.0
0.0
0.0
0
0
0
0.000163604824682
0
0.0
0.0
0
0
1.04024009949e-05
0.0
0.0
0.0378873623178
0.0
0
0.0
0
0.0
0.0352969866414
0
0
0.0
0.0
0.325615075187
0.0167381546813
0
0
0.0
0.0
0.825888937382
0.0206143525811
0
0
0.0
0.0
0.302060680837
0
0
0
0
0
0
0
0
0
0
0
0
0
0
0
0
0
0
0
0
0
0
0
0
0.0
0
0
0.0
0
0.0
0.0
0.0
0
0.0
0
0
0.0
0.0
0.0
0.000156036014923
0.0
0
0.0
0.0
0
0.0
0.0
0.0
0.0216912161692
0.0
0
0.0
0.0
0.0132149452643
0.0331657301904
0.0
0
0.0
0.0
0.0
0.0197138266247
0.0
0
0.0
0.0
0.0
0.01023291
0.0
0
0.0
0.0
0.471648562232
0
0
0
0
0
0
0
0
0
0
0
0
0
0
0
0
0
0
0
0
0
0
0
0
0
0.0
0.0
0.0
0.52472432866
0.0
0
0.0
0
0.0
0.520868053303
0
0
0.0
0.0
0.485197999191
0.0
0.0
0
0.0
0
0.0
0.0167904719513
0.0
0.0
0.0
0
0.0
0.514611096926
0
0.0
0.0
0
0.0
0.0
0.0
0.00894137766989
0.0
0
0.0
0.0
0.0
0.0314962127422
0.0
0
0.0
0.0
0.355645177958
0
0
0
0
0
0
0
0
0
0
0
0
0
0
0
0
0
0
0
0
0
0
0.583216958731
0
0
0.0
0.0
0.0
0.543152598406
0
0
0.0
0
0.0
0.542248353535
0
0
0.0265660003263
0
0.0
0.539698514938
0.0
0
0.105207150622
0
0.0
0.540976263718
0
0.0
0.0269850760384
0
0.0
0.500993882172
0
0.0
0.115221214277
0
0.0
0.551265442524
0
0.0
0.0547400403481
0
0.0
0.549431562965
0.0
0.0
0.0984059029369
0
0.0
0.551130362686
0
0
0
0
0
0
0
0
0
0
0
0
0
0
0
0
0
0
0
0
0
0
0
0.565880675491
0
0
0.0
0.0
0
0.484195163034
0
0
0.0
0
0.0
0.565540090207
0
0.023113651026
0.0
0.0
0.0
0.580001702726
0
0.00615420032086
0.155506119488
0
0.0
0.777511787645
0
0
0.147210642536
0
0.0
1.0669989462
0
0.0
0.0712786394217
0
0.0
0.861156549503
0
0
0.0166867596273
0
0.0
0.50918091744
0
0.0
0.00141669686777
0
0.0
0.000682686134316
0
0
0
0
0
0
0
0
0
0
0
0
0
0
0
0
0
0.39070653242
0
0
0
0
0
0.368379842269
0
0.0
0.0118227938819
0
0
0.0575101765691
0
0.0
0.00384650629334
0
0
0.476705174838
0.0
0.0238006254265
0.010637090639
0.0
0.0
0.477864874146
0.0
0.0184839424911
0.133834192384
0.0
0
0.682636920776
0.0
0.0158833493729
0.159203413133
0.000736207953247
0.0
0.846447442029
0
0.00607705162
0.0139998512019
0.0
0.0
0.725996071351
0.0
0.0
0.0
0
0
0.960539964197
0
0.00721209999967
0.000970869611554
0.0
0.0
0.944369402193
0.0
0
0
0
0
0
0
0
0
0
0
0
0
0
0
0
0
0
0
0
0
0
0
0.00360288070708
0
0.0
0.0108892619472
0.0
0
0.518836352449
0
0.0
0.0146373677814
1.48243608789e-07
0
0.0683901807021
0.0
0.0171019654824
0.0127372802224
0.0028090400894
0.0
0.391356460371
0.0
0.0240468968965
0.0
0.0150222580514
0
0.837454950045
0
0.0170215117549
0.161693951128
0.0101959573633
0.0
0.430436049062
0
0.00575676751986
0.0252334261465
6.85333525764e-05
0.0
0.592043612474
0.0
0.0
0.0
0.0
0
0.612053171738
0
0.00398987201605
0.0174787910469
0.0
0
0.772391168485
0.0
0
0
0
0
0
0
0
0
0
0
0
0
0
0
0
0
0
0
0
0
0
0
0
0
0.0
0
0.0
0.0
0.0
0
0.0
0
0.0
0.0
0.0
0.0
0.0
0
5.44597604155e-05
0
0
0
0.0117479993652
0
0.0112605856907
0
0.648160886559
0
0.0194355880141
0.0
0.00835815698098
0.0
0.0
0
0.00196890628659
0.0
0.00134536394198
0.0
0.375116460169
0.0
0.0
0.0200617279091
0.0
0
0.663181317839
0
0.00129436304925
0.0210241220704
0.0
0
0.702046654354
0
0
0
0
0
0
0
0
0
0
0
0
0
0
0
0
0
0
0
0
0
0
0
0
0
0
0
0
0.0
0.0
0.0
0
0
0
0.0
0
0.0
0
0
0
0.00567443704878
0.0
0.0
0
0
0
0.0937678861194
0.0
0.00649407795583
0.0
0
0
0.0183488121107
0.0
0.0
0
0
0
0.0
0.0
0.00954400157759
0
0
0
6.20387710758e-05
0.0
0.0549627350576
0
0
0
3.34712713816e-06
0.0
0.102588830826
0
0
0
0
0
0
0
0
0
0
0
0
0
0
0
0
0
0
0
0
0
0
0
0
0
0
0
0
0.0
0.0
0.0
0
0
0.00505642905337
0.0
0.0
0.0
0
0
0.0
0.0
0.0
0
0
0
0.0
0.0
0.0
0.0
0
0
0.0
0.0
0.0
0
0
0
0.000816335177075
0.0
0.0
0
0
0
0.000142414995566
0.0
0.505540042891
0
0
0
1.38851209641e-05
-0.000500033118364
0.15831927097
0
0
0
0
0
0
0
0
0
0
0
0
0
0
0
0
0
0
0
0
0
0
0
0
0
0
0
0
0.0
0.0
0
0
0
0.0
0.0
0.0
0.0
0
0.0
0.00446155504709
0.0
0.0
0.0
0
0
0.0
0
0.0
0.0
0
0
0.0
0.0
0.258125189608
0
0
0
0.0
0.0
0.322873351293
0
0
0
0.0
0.0
0.461398449355
0
0
0
0.0
-2.37512180798e-05
0.629993301858
0
0
0
0
0
0
0
0
0
0
0
0
0
0
0
0
0
0
0
0
0
0.0
0
0
0.0
0.0
0
0.0
0
0
0.0
0
0
0.0
0.0
0.377958359928
0.0
0
0.0
0.0
0.0
0.0
0.0
0
0
0.0
0
0.0
0.0
0
0
0.0
0.0
0.0
0
0
0
0.0
0.0
0.350021251855
0
0
0
0.0
0.0
0.376685576509
0.0
0
0
0.0
0.0
0.63889655249
0
0
0
0
0
0
0
0
0
0
0
0
0
0
0
0
0
0
0
0
0
0.0
0
0
0
0
0
0.0
0
0.0
0.0
0.0
0
0.0
0.0
0.0
0.0
0
0.0
0.0
0
0.0
0.0
0
0
0.0
0.0
0.449350494581
0
0
0
0.0
0.0
0.0
0
0
0
0.0
0.0
0.427215526389
0.0
0
0
0.0
0.0
0.877719160015
0.0
0
0
0.0
0.0
0.464376378492
0
0
0
0
0
0
0
0
0
0
0
0
0
0
0
0
0
0
0
0
0
0
0.0
0
0
0
0.0
0
0
0.0
0.0
0.0
0
0.0
0
0.0
0.0
0
0
0.0
0.0
0
0.0
0.0
0
0.0
0.0
0.0151237706914
0.0219957201802
0
0
0.0
0.0
0.975539917135
0.0149112273389
0
0
0.0
0.0
0.0
0.0
0.0
0
0.0
0.0
0.787677912397
0.0172481247194
0.0
0
0.0
0.0
0.55508518549
0
0
0
0
0
0
0
0
0
0
0
0
0
0
0
0
0
0
0
0
0
0
0
0
0
0.0
0.0
0.0
0.578742281448
0.0
0
0.0
0
0.0
0.520868053303
0
0.0
0.0
0
0.0
0.522188782503
0
0.0
0.0
0
0.55528215463
0.583225909849
1.1164512385
0.016942413587
0.0
0
0.0
0.577870932971
1.10384148922
0.0226932925664
0.0
0
0.0
0.0
0.57166892974
0.00745114805824
0.0
0
0.0
0.0
0.0
0.0
0.0
0
0.0
0.0
0.902005420687
0
0
0
0
0
0
0
0
0
0
0
0
0
0
0
0
0
0
0
0
0
0
0.0
0
0
0.0
0.0
0.0
0.644220116616
0.0
0
0.0
0
0.0
0.659178616334
0
0
0.0493249370157
0
0.0
0.546252585089
0.0
0
0.106281113937
0
0.0
0.660668101448
0.0
0.0
0.0413773653333
0
0
0.527578695079
0
0.0
0.0464773927484
0
0.0
0.00484999150725
0.0
0.019829090592
0.0520789147488
0
0.0
0.612367069652
0.0
0.0
0.0408311875518
0
0.0
0.0
0.894498015405
0
0
0
0
0
0
0
0
0
0
0
0
0
0
0
0
0.0
0
0
0
0
0
0.0305395920106
0
0
0.0
0
0
0.0404279879654
0
0
0.0
0
0
0.594494447277
0
0
0.0
0.0
0.0
1.0408104719
0.0
0
0.130403512041
0
0.0
0.574802681658
0
0.0
0.104279710317
0
0.0
1.06786227884
0
0.0
0.0606563648478
0
0.0
1.22184016114
0
0.0
0.00199644196374
0
0
0.890194990127
0.0
0.0
0.00275278754634
0
0.0
0.0
0
0
0
0
0
0
0
0
0
0
0
0
0
0
0
0
0
0.0
0
0
0
0
0
0.434283747782
0
0
0.00997528490994
0
0
0.0
0
0
0.00282831345099
0.0
0.0
0.0747171159962
0
0.00509420373626
0.125045942597
0.00242939069603
0.0
0.585919739614
0
0.0
0.138897876303
0.00894084303074
0
0.967612832274
0
0.0
0.119763977999
0.00285934593351
0.0
0.797002806239
0
0.0
0.0143074896058
0.0
0.0
0.700641735242
0
0.0
0.000761999469557
0.0
0
1.21753987067
0
0.0
0.000880835174406
0.0
0
0.958957235427
0
0
0
0
0
0
0
0
0
0
0
0
0
0
0
0
0
0
0
0
0
0
0
0.0
0
0
0
0.0
0
0.00188569806186
0
0
0
1.02782786349e-05
0.0
0.0242446893668
0.0
0.0
0.0130431990131
0.00282565891617
0.0
0.0257078269612
0
0.0200811588199
0
0.0118676450793
0
0.825637121943
0.0
0.0208954195322
0.0
0.00440268101911
0.0
0.944096459602
0
0.0
0.0154859537477
0.00115762577454
0.0
0.433478199042
0
0.00668426487144
0.0
0.0
0
0.656136650565
0
0.00174409179052
0.0
0.0
0
0.632880398875
0
0
0
0
0
0
0
0
0
0
0
0
0
0
0
0
0
0
0
0
0
0
0
0
0
0
0
0.0
0.0
0.0
0
0.0
0
0.0
0.0
0.0
0.0
0.0
0
0.0
0.0
0
0.0
0.0176775840663
0
0.0139435545256
0
0.0
0
0.010970387743
0
0.0138192287889
0
0.0
0
0.000364569923519
0.0190971976253
0.00128449835375
0.0
0.638851316209
0.0
0.00161436376736
0.0
0.00127659730546
0
0.700398518055
0
0.00120395371799
0.0
0.0
0.0
0.736245946224
0.0
0
0
0
0
0
0
0
0
0
0
0
0
0
0
0
0
0
0
0
0
0
0
0
0
0
0
0
0
0.0
0.0
0
0
0
0
0
0.0
0
0
0.0
0.0
0.0
0.0
0
0
0
0.0
0.0
0.0
0
0
0
0.0
0.0
0.0
0
0
0
0.0
0.0
-1.36242877384e-05
0
0
0
0.0
0.0
0.0
0
0
0
0.0
-2.72717758337e-07
-0.000433762376582
0
0
0
0
0
0
0
0
0
0
0
0
0
0
0
0
0
0
0
0
0
0
0
0
0
0
0
0
0.0
0
0
0
0
0.0
0.0
0.0
0
0
0.0
0.0
0.0
0.0
0
0
0
0.0
0.0
0.0
0
0
0
0.0
0.0
0.0
0
0
0
0.0
0.0
0.0
0
0
0
0.0
-0.00264064877806
0.0365821853849
0
0
0
-0.00150845002621
-0.000555798678672
0.435958476779
0
0
0
0
0
0
0
0
0
0
0
0
0
0
0
0
0
0
0
0
0
0
0
0
0
0
0
0
0
0.0
0.0
0
0
0.0
0.0
0.0
0.0
0
0
0.0
0
0.0
0
0
0
0.0
0
0.0
0.0
0
0
0.0
0.0
0.0
0
0
0
0.0
0.0
0.0
0
0
0
0.0
0.0
0.0
0
0
0
0.0
-0.000199484986855
0.47002214681
0
0
0
0
0
0
0
0
0
0
0
0
0
0
0
0
0
0
0
0
0
0.0
0
0
0.0
0.0
0
0.0
0
0.0
0.0
0
0
0.0
0.0
0
0.0
0
0
0.0
0.0
0.0
0.0
0
0
0.0
0.0
0.0
0.0
0
0
0.0
0.0
0.418518907646
0
0
0
0.0
0.0
1.16797537007
0
0
0
0.0
0.0
0.902142391073
0
0
0
0.0
0.0
0.821236271332
0
0
0
0
0
0
0
0
0
0
0
0
0
0
0
0
0
0
0
0
0
0
0
0
0.0
0.0
0
0.0
0
0
0.0
0.0
0
0.0
0
0.0
0.0
0
0
0.0
0.0
0.801362600433
0.0
0
0
0.0
0.0
0.0
0.0
0
0
0.0
0.0
0.0
0
0
0
0.0
0.0
0.0
0
0
0
0.0
0.0
0.511835526639
0.0
0
0
0.0
0.0
0.178746769115
0
0
0
0
0
0
0
0
0
0
0
0
0
0
0
0
0
0
0
0
0
0
0.0
0
0
0
0.0
0.0
0
0.0
0.0
0.0
0
0.0
0.0
0.0
0.0
0
0
0.0
0
0.996996835269
0
0.0
0
0.0
0.0
0.0
0.0142319069216
0
0
0.0
0.0
0.0
0.0138137418839
0
0
0.0
0.0
0.676728232169
0.0
0
0
0.0
0.0
0.682867905919
0.0116587330696
0
0
0.0
0.0
0.959911949078
0
0
0
0
0
0
0
0
0
0
0
0
0
0
0
0
0
0
0
0
0
0
0.643046979386
0
0
0
0.0
0.660348486801
0.0
0
0.0
0.0
0
0.0
0.639636757393
0.0
0.0
0.0
0
0.0311428086724
0.00263425861661
0
0.0
0.0
0
0.0
0.642445716592
0
0.0224102118657
0.0
0
0.0
0.0
0
0.0186682830334
0.0
0
0.0
0.0
0.0
0.0168197040318
0.0
0
0.0
0.0
0.450282605027
0.0
0.0
0
0.0
-0.0289232825998
0.428315435436
0
0
0
0
0
0
0
0
0
0
0
0
0
0
0
0
0
0
0
0
0
0
-0.711369210599
0
0
0
0
0
0.714496643762
0.0
0
0.0
0
0.0
0.738357149146
0
0
0.0134011329183
0.0
0.0
0.742027179858
0
0
0.0806330830617
0
0.0
0.731799623365
1.30007997619
0.0
0.0673925306584
0
0.0
0.65965522541
1.23125004167
0.0
0.0
0
0.0
0.644188471217
0.6605952077
0.0
0.0292843231709
0
0.0
0.0
0.490183220554
0.0
0.0
0
0.0
0.0
0.127956461947
0
0
0
0
0
0
0
0
0
0
0
0
0
0
0
0
0.0
0
0
0
0
0
0.0
0
0
0.000120773545973
0
0
0.726842289852
0.0
0
0.00697479702054
0
0.0
0.665460269655
0
0
0.0
0.00227271491529
0.0
0.720840659408
0.0
0
0.116349207625
0.0
0.0
0
0.0
0.0
0.0874758395965
0.0
0.0
0.775567790811
0
0.0
0.00750834094658
0
0.0
1.20694769881
0.0
0.0
0.0
0
0
0.650889241736
0.499701341342
0.0
0.038639367799
0
0.0
0.0
1.1619096059
0
0
0
0
0
0
0
0
0
0
0
0
0
0
0
0
0.0
0
0
0
0
0
0.0
0
0
0.0113724588414
0
0
0.0
0
0
0.00290259088822
0.0
0
0.563682578754
0
0
0.124382009895
0.00190282263535
0.0
1.08427322236
0
0
0.121556537589
0.00773079533977
0
1.0597058801
0
0.0
0.0702490502842
0.00157807009569
0.0
0.88433677411
0
0.0
0.0115145647145
0.0
0.0
1.24817458795
0
0.0
0.000100135175595
0.0
0
1.37135532763
0
0.0
0.0
0.0
0
0.741023946681
0
0
0
0
0
0
0
0
0
0
0
0
0
0
0
0
0
0
0
0
0
0
0
0.0
0
0
0
0
0.0
0.0
0
0
0
0.0
0
0.0
0
0
0
0.00112242240153
0
1.01889856256
0
0
0
0.0117431408903
0
0.689621653539
0
0.0
0.0
0.00526937580864
0
0.943183116354
0
0.0
0.0
3.01096424624e-05
0.0
0.0
0
0.00152396370045
0.0
2.39069999054e-05
0
0.612553402179
0
0.0
0.0
0.0
0.0
0.971270147415
0
0
0
0
0
0
0
0
0
0
0
0
0
0
0
0
0
0
0
0
0
0
0
0.0
0
0
0
0
0
0.0
0
0
0
0
0.0
0.0
0.0
0.0
0
9.80273787878e-05
0.0
0.0
0
0.00993980801863
0
0.00930147089395
0.0
0.0
0.0
0.00399677057846
0
0.0118196447474
0
0.669940693581
0
0.00110060992472
0.0
0.00113375284781
0.0
0.611305648368
0
0.000994090225867
0.0
0.000649611201596
0
0.678913628915
0
0.00146128144829
0.0
4.09075331714e-05
0.0
0.794930394
0
0
0
0
0
0
0
0
0
0
0
0
0
0
0
0
0
0
0
0
0
0
0
0
0
0
0
0
0
0.0
0.0
0
0
0
0.0
0.0
0.0
0.0
0
0.0
0.0
0.0
0.0
0
0
0
0.0
0.0
-1.74345183134e-05
0
0
0
0.0
0.0
-0.0290747405331
0
0
0
0.0
0.0
-1.69546691855e-05
0
0
0
0.0
0.0
-0.00678275348964
0
0
0
-0.0212351332221
-0.784029630492
-0.0659549788913
0
0
0
0
0
0
0
0
0
0
0
0
0
0
0
0
0
0
0
0
0
0
0
0
0
0
0
0
0.0
0.0
0
0
0
0.0
0.0
0.0
0.0
0
0
0.0
0.0
0.0
0
0
0
0.0
0.0
0.0
0
0
0
0.0
-0.0529007229765
-0.634680623487
0
0
0
0.0
-0.000201544844432
-0.692588929664
0
0
0
-0.0226761178486
-0.000617539109885
-0.0180615479331
0
0
0
-0.0400875827309
-0.053432540529
-0.328756000127
0
0
0
0
0
0
0
0
0
0
0
0
0
0
0
0
0
0
0
0
0
0.0
0
0
0
0
0
0.0
0
0.0
0
0
0
0.0
0
0.0
0
0
0
0.0
0.0
0.0
0
0
0
0.0
0.0
0.0
0
0
0
0.0
0.0
0.0
0
0
0
0.0
0.0
0.0
0
0
0
0.0
0.0
-0.679762554875
0
0
0
-0.00317635679452
-0.0411811173512
0.896861649583
0
0
0
0
0
0
0
0
0
0
0
0
0
0
0
0
0
0
0
0
0
0
0
0
0
0.0
0
0.0
0
0.0
0.0
0
0
0.0
0.0
0.0
0.0
0
0
0.0
0
-0.00209871038134
0
0
0
0.0
0.0
0.0
0.0
0
0
0.0
0.0
0.0
0
0
0
0.0
0.0
0.0
0
0
0
0.0
0.0
0.0438471658408
0
0
0
0.0
-2.16958335042e-05
-0.0106213220695
0
0
0
0
0
0
0
0
0
0
0
0
0
0
0
0
0
0
0
0
0
0
0
0
0.0
0.0
0
0
0
0
0.0
0.0
0
0.0
0
0.0
0.0
0
0
0.0
0.0
1.27003147037
0.0
0
0
0.0
0.0
0.0
0.0
0
0
0.0
0.0
1.36263793175
0
0
0
0.0
0.0
0.103557176499
0
0
0
0.0
0.0
0.00701005538069
0
0
0
-0.705397437159
-0.0503216250094
-0.689603229771
0
0
0
0
0
0
0
0
0
0
0
0
0
0
0
0
0
0
0
0
0
0
0.0
0
0
0
0.0
0.0
0
0
0.0
0.0
0
0.0
0.0
0.0
0.0
0
0
0.0
0
1.00639046575
0.0
0.0
0
0.734482007741
0.0
1.15422272054
0.0
0
0
0.0
0.0
0.0
0
0
0
-0.00189127547618
0.0
1.08237043847
0.0
0
0
0.0
0
0.564225490308
0
0
0
-0.000721024118602
-0.0509525507251
1.03983743073
0
0
0
0
0
0
0
0
0
0
0
0
0
0
0
0
0
0
0
0
0
0
0.648307573404
0
0
0
0
0.763354462231
0.0296448334847
0.0
0.0
0.0
0
0.755732157116
0.763354462231
0.0
0.0
0.0
0
0.0220116162267
0.0
1.13345555304
0.0199354348545
0.0
0
0.0
0.0
1.2364068566
0.00892379821027
0.0
0
0
0.0
1.15568017173
0.0103958726222
0
0
0.0
0.0
1.20293651235
0.0
0.0
0
0.0
-0.0424208144796
0.462176862518
0
0
0
0.0
-0.0159359799389
1.15120754762
0
0
0
0
0
0
0
0
0
0
-0.806817197398
0
0
0
0
0
-0.791770354673
0
0
0
0
0
-0.791829309014
0
0
0
0
0
0.740374132513
0.0
0
0.0672083090727
0
0.0
0.820142811053
0.0
0.0
0.0
0.0
0.0
0.72841862954
0
0.00787393959729
0.0721776691825
0
0.0
0.818678196856
0.0
0.00809143804339
0.0833662522359
0
0.0
0.727828681476
1.35642657786
0.0
0.0
0
0.0
0.800346596163
0.0600417918827
8.15220902665e-05
0.00117026635956
0
0
0.0
0.0
0.0
0
0
0.0
0.0
1.05380638436
0
0
0
0
0
0
0
0
0
0
0
0
0
0
0
0
0.0
0
0
0
0
0
0.617844644973
0
0
0
0
0
0.0
0.0
0
0.00626621713819
0
0
0.734548633467
0
0
0.0
0.0
0
0.756885939946
0
0
0.104459311601
0.00612059594186
0
1.52168357764
0.391044954847
0.0
0.0753182426397
0.0
0.0
1.28265676226
1.10947853843
0.0
0.0105144485611
0.0
0.0
1.52674433966
0.460564057931
0.0018520552546
0.00197277326758
0
0
1.37121711697
0.0272324011419
0.0
0
0
0.0
-0.551813471144
0.875523789567
0
0
0
0
0
0
0
0
0
0
0
0
0
0
0
0
0.0
0
0
0
0
0
0.0
0
0
0
0
0
0.0
0.0
0
0.00745819879424
0.0
0
0.0
0
0
0
0.00271632810866
0.0
0.792892203475
0.0
0
0.0665607592142
0.00800550712547
0
0.0
0.0
0
0.0
0.00209522666539
0.0
0.727817145523
0
0.0
0.0115257154563
6.64117082896e-06
0.0
1.46882230983
0.0
0.0
0.0
0.0
0
1.33445333953
1.43462818721
0.0
0.0
0
0.0
1.2150763701
1.36240794842
0
0
0
0
0
0
0
0
0
0
0
0
0
0
0
0
0.0
0
0
0
0
0
0
0
0
0
0
0.0
0.0
0
0
0
0.0
0
0
0
0
0
0.00151475546726
0.0
0.138265995625
0
0
0
0.00885480948703
0.0
0.714263438831
0.0
0.0
0.0
0.00324401531833
0
0.508074156695
0
0.0
0.0
0.00414565444425
0.0
0.0
0
0.0
0.0
1.26047370504e-05
0
0.0
0
0.0
0.0
0
0.0
0.78951544762
0
0
0
0
0
0
0
0
0
0
0
0
0
0
0
0
0
0
0
0
0
0
0
0.0
0
0
0
0
0
0.0
0
0
0
0
0.0
-0.641977465281
0
0
0
0
0
0.0
0
0
0
0.0106126262157
0.0
0.0419045593703
0
0.0
0
0.00938091879108
0
0.748445107092
0
0.0
0.0
0.000987500075608
0
1.16627921561
0
0.0
0.0
3.37768622516e-05
0
0.641657096323
0
0.0
0.0
0
0.0
0.833609565783
0
0
0
0
0
0
0
0
0
0
0
0
0
0
0
0
0
0
0
0
0
0
0
0
0
0
0
0
0
0.0
0
0
0
0
0.0
0.0
0.0
0
0
0
0.0
0
-0.0259540517159
0
0
0
-0.865384615385
-0.898351648352
-0.857142857143
0
0
0
0.0
0.0
-0.0455702544902
0
0
0
-0.00164741027105
-0.849056603774
-2.05339882358e-05
0
0
0
-0.0259540517159
-0.873786407767
0.0
0
0
0
-0.0345956156921
-0.899998929446
-0.813244229242
0
0
0
0
0
0
0
0
0
0
0
0
0
0
0
0
0
0
0
0
0
0.0
0
0
0
0
0
0.0
0.0
0.0
0
0
0
-0.898751733703
0.0
0.0
0
0
0
-0.865384615385
0.0
0.0
0
0
0
0.0
-0.898040638607
-0.00158449644175
0
0
0
-0.849056603774
-0.00514447397754
-0.0509417232725
0
0
0
-0.841121495327
-0.811170386642
-0.897951643787
0
0
0
-0.0485175202156
-0.0810810810811
-0.144193629938
0
0
0
-0.899826566836
-0.899999999856
-0.99679962199
0
0
0
0
0
0
0
0
0
0
0
0
0
0
0
0
0
0
0
0
0
0.0
0
0
0
0
0
0.0
0
0.0
0
0
0
-0.856816450876
0
-0.856816450876
0.0
0
0
0.0
0.0
0.0
0
0
0
-0.849056603774
0.0
-0.848656294201
0
0
0
-0.89851621176
-0.0259540517159
-0.898351648352
0
0
0
-0.0664197966261
0.0
-0.331769489378
0
0
0
-0.873786407767
-0.0489840348331
-0.893117237693
0
0
0
-0.899773706511
-0.899999999767
-0.318099714222
0
0
0
0
0
0
0
0
0
0
0
0
0
0
0
0
0
0
0
0
0
0
0
0
0
0.0
0
0
0
0.0
0
0
0
-0.849056603774
0.0
-0.857142857143
0.0
0
0
0.0
0
1.18069060281
0
0
0
-0.89851621176
0.0
-0.00233257308729
0
0
0
-0.865384615385
0
0.0
0
0
0
-0.865384615385
0.0
-0.0623052959502
0
0
0
0.0
0.0
-0.114234131111
0
0
0
-0.890587288817
-0.89999999687
-0.700644958156
0
0
0
0
0
0
0
0
0
0
0
0
0
0
0
0
0
0
0
0
0
0
0
0
0.0
0.0
0.0
0.0
0
0.0
0.0
0.0
0
0
0
0
0.0
0
0
-0.0622703779812
0.0
0.0
0
0
0
-0.865384615385
0.0
0.0
0.0
0
0
-0.0021145756025
-0.89851621176
-0.825688073394
0
0
0
-0.898351648352
0.0
-0.823845935995
0
0
0
-0.0666548214172
-0.0560747663551
-0.0688073394495
0
0
0
-0.899999369548
-0.899999904678
-0.856050927655
0
0
0
0
0
0
0
0
0
0
0
0
0
0
0
0
0
0
0
0
0
0
0.0
0
0
0
0.0
0.873534426682
0.0
0
0.0
0.0535840511906
0
0.865135057195
0.0
0.0
0.0
0
0
0.856895675698
0.0
1.6360474844
0.0
0
0
0.0
0
1.45348046053
0
0
0
0.0
0.0
-0.0555457591254
0
0
0
0.0
0.0
-0.897574123989
0
0
0
0.0
-0.0566139468009
-0.825688073394
0
0
0
-0.893315249231
-0.899999999821
-1.39955222511
0
0
0
0
0
0
0
0
0
0
0
0
0
0
0
0
0
0
0
0
0
0
0.0
0
0
0
0
0
0.0
0
0
0.0
0
0.0256802189311
0.902535307272
0.0
0.0
0.062514726389
0
0.763354462231
0.0
1.34659317397
0.0
0.0165058679092
0
0.0
0.873785622779
0.907192253233
0.0
0
0
0.0
0.0
1.18066373678
0.0
0
0
0.0
-0.898040638607
0.713588368609
0
0
0
0.0
-0.00333023216476
1.28497651355
0
0
0
0.0
-0.89999974867
-0.0843965632704
0
0
0
0
-0.899999988921
0
0
0
0
0
-1.3466062593
0
0
0
0
0
-0.899999967032
0
0
0
0
0
-0.899999999999
0
0
0
0
0
-0.88692084809
0.0
0
0.0
0
0
-0.88772074941
0.0
0.0
0.0
0.0
0.856653340948
0.910400670147
0.890832138102
0.00697926926377
0.0712807131413
0.000358981823493
0.0
0.819183385382
0.930856362533
0.00227255659578
0.0476552705031
0
0.0
-0.652117451632
1.36228599228
0.0
0.0
0
0.0
-0.695303857486
-0.0366601095743
0
0.00646726146071
0
0
0.0
-0.0937757337999
0
0
0
0.0
-0.899998702377
-1.01651042429
0
0
0
0
0
0
0
0
0
0
0
0
0
0
0
0
0
0
0
0
0
0
0.0
0
0
0
0
0
-1.65258135697
0.0
0
0.00531507596566
0
0
0.0
0.0
0
0.0805718492148
0.0
0.0
0.840650102746
0
0
0.0898874831181
0.00528796045202
0
1.50119450276
1.66523013832
0.0
0.0238519151771
0.0
0.856653340948
0.879052621804
0.921026286609
0.00623396956173
0.000645615207655
0
0.0
1.69655367052
1.63697123567
0.0
0.00909904202403
0
0
0.678000394853
-0.81657799676
0
0
0
0.0
-0.881607792071
-0.109083269287
0
0
0
0
0
0
0
0
0
0
0
0
0
0
0
0
0.0
0
0
0
0
0
0.0
0
0
0
0
0.0
0.0
0.0
0
0
0
0
0.0
0
0
0
0.0
0
-0.638799784816
0
0
0.0
0.00664612282804
0.0
1.43441823707
0.0
0.0
0.0
0.00202933674594
0
1.04645405833
0.711459521902
0
0.0
0.00233786454632
0
1.01724984194
1.29439162816
0.0
0.00978598482137
0
0
1.35519528382
0.537324734252
0.0
0
0
0.0
-0.899187519307
1.35401281299
0
0
0
0
0
0
0
0
0
0
0
0
0
0
0
0
0.0
0
0
0
0
0
0
0
0
0
0
0
-0.763239875389
0.0
0
0
0
0.0
-0.899918337719
0
0
0
0
0
-0.899688419595
0.0
0
0
0.0023639177472
0.0
1.34271523053
-0.0342530848437
0
0
0.00270090622201
0
0.792970310585
-0.899061922183
0.0
0.0
0.00241891721107
0
0.898972309533
0.837941214685
0.0
0.0
0.0
0
0.897592129826
1.49574143699
0.0
0.0
0.0
0
0.882352906371
1.01626831244
0
0
0
0
0
0
0
0
0
0
0
0
0
0
0
0
0
0
0
0
0
0
0.0
0
0
0
0
0
0.0
0.0
0
0
0
0
0.0
0
0
0
0
0
-0.849056603774
0
0
0
0
0.0
0.0
0.0
0.0
0
0.0
0
1.15089876903
0
0.0
0.0
0.0
0
0.835343227344
0.0
0.0
0.0
0.0
0
0.769716914701
0.0
0.0
0.0
0.0
0
0.902965677054
1.70968613946
0
0
0
0
0
0
0
0
0
0
0
0
0
0
0
0
0
0
0
0
0
0
0
0
0
0
0
0
-1
0
0
0
0
-1
-1
-1
0
0
0
-1
-1
-1
0
0
0
-1
-1
-1
0
0
0
-1
-1
-1.0
0
0
0
-1
-1
-1
0
0
0
-1
-1
-1
0
0
0
-1.82568807339
-1
-1
0
0
0
0
0
0
0
0
0
0
0
0
0
0
0
0
0
0
0
0
0
-1
0
0
0
0
0
-1
0
0
0
0
0
-1.0
-1
0
0
0
0
-1.0
-1
-1
0
0
0
-1
-1.0
-1.8651350572
0
0
0
-1
-1.82568807339
-1
0
0
0
-1
-1
-1
0
0
0
-1.84112149533
-1
-1
0
0
0
-1
-1
-1.81081081081
0
0
0
0
0
0
0
0
0
0
0
0
0
0
0
0
0
0
0
0
0
0
0
0
0
0
0
-0.990099009901
0
-0.999805862939
0
0
0
-1.0
0
-1.89919511032
0
0
0
-1
-1
-0.990099009901
0
0
0
-1.86538461538
-1
-1.85714285714
0
0
0
-1.89757412399
-1
-1.89449541284
0
0
0
-1.89666725445
-1
-1.82568807339
0
0
0
-1
-1
-1
0
0
0
-1.87396694215
-1
-1
0
0
0
0
0
0
0
0
0
0
0
0
0
0
0
0
0
0
0
0
0
0
0
0
0
0.0
0
0
0
-1
0
0
0
0
-1
-1
0
0
0
-1
0
-1.0
0
0
0
-1
-1
-1
0
0
0
-1.88235294118
0
-1
0
0
0
-1
-1
-1.84905660377
0
0
0
-1.899486008
-1
-1
0
0
0
-1
-1
-1
0
0
0
0
0
0
0
0
0
0
0
0
0
0
0
0
0
0
0
0
0
0
0
0
0.0
0.0
0.0
0.980392156863
0
0.990099009901
0.0
0.0
0
-0.990099009901
0
-1
0
0
0
-1.0
-1.84905660377
-1
0
0
0
-1
-1
-1.84112149533
0
0
0
-1.0
-1
-1
0
0
0
-1.84905660377
-1
-1.82568807339
0
0
0
-1.84905660377
-1
-1.89757412399
0
0
0
-1.75630252101
-1
-1
0
0
0
0
0
0
0
0
0
0
0
0
0
0
0
0
0
0
0
0
0
0
-1
0
0
0
0
-0.980392156863
-1
0
0.0
0.0
0
0.999711621648
0.980392156863
2.65854347419
0.0
0
0
-0.999711621648
-1
-1
0
0
0
-0.990099009901
0
-1
0
0
0
-1.88118811881
-1
-1
0
0
0
0
-1.84905660377
-1.89963113958
0
0
0
-1
-1
-1.84905660377
0
0
0
-1
-1
-1.87183308495
0
0
0
0
0
0
0
0
0
0
0
0
0
0
0
0
0
0
0
0
0
0
-1
0
0
0
0
0
-1
0
0
0.00442424663884
0
-0.990099009901
-0.999245852187
-0.990099009901
0.0
0.014708199127
0.0
0.999245852187
1.82156846462
1.02935184377
0.0
0.00451270605448
0
-0.980392156863
-0.999838749975
-1.0
0
0
0
-1
-1
-1
0
0
0
-1.0
-1
-1
0
0
0
-1
-1
-1
0
0
0
-1
-1
-1
0
0
0
0
-1.89666725445
0
0
0
0
0
-1.89240949677
0
0
0
0
0
-1.9
0
0
0
0
0
-1
0
0
0
0
0
-1
0
0
0
0
0
-1
-0.990099009901
0
0.0
0
0
-0.989836906897
-0.964875630431
0.00488199941846
0.057987450394
0.0
0
1.01291357228
1.04601175518
0.0
0
0
0
-0.978596908844
-0.951930529131
0
0.0109675845489
0
-1.0
-1
-0.109003270221
0
0
0
0
-1
-1.1297231764
0
0
0
-1.0
-1
-1.89999513903
0
0
0
0
0
0
0
0
0
0
0
0
0
0
0
0
0
0
0
0
0
0
-1.88118811881
0
0
0
0
-1
-1
-0.990099009901
0
0
0
0
-1.87946789381
-1
0
0
0
-1
-0.0118516742471
-1
0.0
0.0787315677923
0.00445878822324
-0.990099009901
-0.952306125507
-0.999995968134
0.0
0.0446563680207
0.0
1.00235235677
1.88506445722
1.85025611163
0.00594526924451
6.23131825402e-05
0.0
0
-1.89992855517
-1.0
0
0.000569660477343
0
0
-1
-1
0
0
0
0
-1
-1
0
0
0
0
0
0
0
0
0
0
0
0
0
0
0
0
-1
0
0
0
0
0
-1
0
0
0
0
-0.990099009901
-1
-1
0
0
0
-1
-1.0
-0.980392156863
0
0
0
0
-1.89513555261
-1
0
0.0
0.00213506970116
-0.0969137414909
-1
-1
0
0.0
0.00101028816374
0
-0.188235624564
-0.999805862939
0
0.0
0.00180831987262
0
1.00086320208
0.990099009901
0
0.0
0
0
-1.80949811117
-1
0
0
0
0
-1
-1
0
0
0
0
0
0
0
0
0
0
0
0
0
0
0
0
-1
0
0
0
0
0
0
0
0
0
0
0
-1
-0.990099009901
0
0
0
0
-1
-1
0
0
0
0
-1
-0.990099009901
0
0
0
-1
-1.83240843507
-1.86538461538
0
0
0
0
-0.151428294344
-1.87378075329
0.0
0.0
0.0
0
-0.182285446147
-1.11116597569
0.0
0.0
0.0
0
0.99997803453
1.02566567336
0
0.0
0.0
0
-1
0.644220574895
0
0
0
0
0
0
0
0
0
0
0
0
0
0
0
0
0
0
0
0
0
0
-1
0
0
0
0
-1
-1
-1.0
0
0
0
0
-1.0
0
0
0
0
0
-1
-1
0
0
0
-0.990099009901
-1
-1
0
0
0
0
-1
-1
0
0
0.0
-1
-1
-1.0
0.0
0.0
0.0
-0.999994345523
-0.95197519311
-0.126208127786
0.0
0.0
0.0
1
1.77541897241
1
