12
12
12
2
3
0.0
0
0
0
0
0
0
0
0
0
0
0
0
0
0
0
0
0
0
0
0
0
0
0
0
0
0
0
0
0
0.0
0
0
0
0
0
0.0
0
0.0
0
0
0
0
0
0
0
0
0
0
0
0
0
0
0
0.0
0
0
0
0
0
0
0
0
0
0
0
0
0
0.0
0
0
0
0
0
0
0
0
0
0
0
0
0
0
0
0
0
0
0
0
0
0
0
0
0
0
0
0
0
0
0
0
0
0
0
0
0
0
0
0.0
0
0.0
0
0
0.0
0.0
0
0
0.0
0
0
0.0
0
0
0
0
0
0.0
0
0
0.0
0
0
0.0
0
0.0
0
0
0
-248134809.243
0
0
0.0
0
0
0
0
0
0
0
0
0
0
0
0
0
0
0
0
0
0
0
0
0
0
0
0
0
0
0.0
0
0
0
0
0
0.0
0
0
0
0
0
0.0
0
0
0.0
0
0
0.0
0.0
0
0
0
0
0
0.0
0
0
0
0
0.0
0.0
0.0
0.0
0
0
-180454800.096
0
0
0.0
0
0
-4126.58910719
0.0
0.0
-215851155.975
0
0
0
0
0
0
0
0
0
0
0
0
0
0
0
0
0
0
0
0
0
0
0
0
0
0
0
0.0
0
0
0
0
0.0
0.0
0
0
0
0
0.0
0.0
0
0
0
0
0.0
0.0
0.0
0
0
0
0.0
0.0
0.0
0.0
0
0
0.0
0.0
0
0
0.0
0
0.0
0.0
0
0.0
0
0
-29143232.2355
0.0
0
0
0.0
0
0
0
0
0
0
0
0
0
0
0
0
0
0
0
0
0
0
0
0
0.0
0
0
0
0
0
0.0
0.0
0
0
0
0
0.0
0
0
0.0
0
0
0
0
0
0
0
0
0.0
0
0
0
0
0.0
0.0
0.0
0.0
0
0
0.0
0.0
0
0
0
0
0.0
0.0
0
0.0
0.0
0
0.0
-3684309.36501
0
0.0
0
0
0
0
0
0
0
0
0
0
0
0
0
0
0
0
0
0
0
0
0
0
0
0
0
0
0
0
0.0
0
0
0
0.0
0
0
0
0
0
0.0
0.0
0
0
0
0
0.0
0
0
0.0
0
0
0.0
0.0
0.0
0.0
0
0
0.0
0.0
0.0
0.0
0
0
0.0
0.0
0
0.0
0
0
-12457058782.8
-3091514861.28
0
0
0.0
0
0
0
0
0
0
0
0
0
0
0
0
0
0
0
0
0
0
0
0
0
0
0
0
0
0
0.0
0
0
0.0
0
0
0.0
0
0
0
0
0
0
0
0
0
0
0.0
0.0
0
0
0.0
0
0.0
0.0
0
0.0
0.0
0
0.0
0.0
0
0
0.0
0
0.0
0.0
0
0
0
0
0.0
-2864289.35595
0
0.0
0.0
0
0
0
0
0
0
0
0
0
0
0
0
0
0
0
0
0
0
0
0
0
0
0
0
0
0.0
0
0
0
0
0
0.0
0.0
0
0
0.0
0
0.0
0.0
0
0
0
0
0.0
0.0
0
0
0.0
0
0.0
0.0
0
0
0
0
0
0.0
0
0
0
0
0.0
0.0
0
0
0
0
-1971429400.26
-40482898.1381
0
0.0
0.0
0
0
0
0
0
0
0
0
0
0
0
0
0
0
0
0
0
0
0
0.0
0
0
0
0
0
0.0
0.0
0
0
0.0
0
0.0
0.0
0
0
0
0
0.0
0.0
0
0
0.0
0
0.0
0.0
0
0.0
0
0
0
0.0
0
0.0
0.0
0
0.0
0.0
0
0.0
0
0
0.0
0
0
0
0
0
0.0
0.0
0
0.0
0.0
0
0
0
0
0
0
0
0
0
0
0
0
0
0
0
0
0
0
0
0.0
0
0
0
0
0
0
0
0
0
0
0
0.0
0
0
0
0
0
0
0
0
0
0
0
0.0
0.0
0
0
0.0
0
0.0
0.0
0
0
0
0
0.0
0.0
0
0
0.0
0
0.0
109063387.357
0
0.0
0
0
0.0
-55072.2911782
0
0.0
-262462008.051
0
0
0
0
0
0
0
0
0
0
0
0
0
0
0
0
0
0
0
0
0
0
0
0
0
0.0
0
0
0
0
0
0.0
0
0
0
0
0
0.0
0
0
0
0
0
0.0
0
0
0.0
0
0
0.0
0.0
0
0
0
0
0.0
0.0
0
0.0
0.0
0
0.0
46994968.7917
0
0
0
0
0.0
-101565271.541
0
0
-207448045.791
0
0
0
0
0
0
0
0
0
0
0
0
0
0
0
0
0
0
0
0
0
0
0
0
0
0
0.0
0
0
0.0
0
0
0.0
0
0
0
0
0
0.0
0
0
0
0
0
0.0
0
0
0
0
0.0
0.0
0
0.0
0
0
0.0
143905.858516
0.0
0
0.0
0
0
2465086.86484
0.0
0
0
0
0.0
51081192.2806
0
0
0.0
0
0
0
0
0
0
0
0
0
0
0
0
0
0
0
0
0
0
0
0
0
0
0
0
0
0
0
0
0
0
0
0
0
0
0.0
0
0.0
0.0
0
0.0
0.0
0
0.0
0
0
0
0.0
0
0.0
0
0
0
0.0
0
0
0
0
0.0
0.0
0
0.0
0
0
0.0
0.0
0
0
0.0
0
0.0
-1760750.57873
0
0
0
0
0
0
0
0
0
0
0
0
0
0
0
0
0
0
0
0
0
0
0
0
0
0
0
0
0
0.0
0
0
0.0
0
0
0
0
0
0.0
0
0
0.0
0
0.0
0.0
0
0
0.0
0
0
0.0
0
0
0.0
0
0
0.0
0
0.0
0.0
0
0
0.0
0
0
-500788.764763
0
0
-31562537882.2
0
0.0
-1197172.96884
0
0.0
0
0
0
0
0
0
0
0
0
0
0
0
0
0
0
0
0
0
0
0
0
0
0
0
0.0
0
0
0
0
0
0.0
0
0
0.0
0.0
0
0.0
0
0
0.0
0.0
0
0.0
0.0
0.0
0.0
0.0
0
0.0
0.0
0.0
0.0
0.0
0
0.0
0.0
0.0
0.0
0.0
0
0.0
0
0
0.0
0.0
0.0
-1273650.30625
0
0
-238823.313972
0.0
0.0
0
0
0
0
0
0
0
0
0
0
0
0
0
0
0
0
0
0
0
0
0
0
0
0
0
0.0
0.0
0
0.0
0
0.0
0.0
0
0
0.0
0
0.0
0.0
0
0.0
0.0
0
0.0
0.0
0.0
0.0
0.0
0
0.0
0.0
0.0
0.0
0.0
0
0.0
0.0
0.0
0.0
0.0
0.0
0.0
0.0
0
0.0
0.0
0
-32044.6372305
0.0
0
-34121.3077362
-38382237.994
0.0
0
0
0
0
0
0
0
0
0
0
0
0
0
0
0
0
0
0
0
0
0
0
0.0
0
0
0.0
0.0
0
0.0
0
0.0
0.0
0
0.0
0.0
0
0.0
0
0
0.0
0
0
0.0
0.0
0
0.0
0.0
0.0
0.0
0.0
0.0
0.0
0.0
0.0
0.0
0.0
0.0
0.0
0.0
0.0
0.0
0.0
0
0.0
0.0
0
-18233518.2289
-25694683.2326
0
-234949489.173
-17448.0562115
0
0
0
0
0
0
0
0
0
0
0
0
0
0
0
0
0
0
0
0
0.0
0
0
0
0
0
0.0
0
0
0
0.0
0
0.0
0
0.0
0
0
0.0
0.0
0
0.0
0.0
0
0
0.0
0
0.0
0.0
0
0.0
0.0
0.0
0.0
0.0
0.0
0.0
0.0
0
0.0
0.0
0.0
0.0
0.0
0
0.0
0.0
0
-67138672432.5
-23270213495.1
0
-13713028118.3
-17076710.1053
0
0
0
0
0
0
0
0
0
0
0
0
0
0
0
0
0
0
0
0
0
0
0
0
0
0
0.0
0
0.0
0.0
0
0.0
0.0
0
0.0
0.0
0
0.0
0
0
0.0
0
0
0.0
0.0
0
0.0
0.0
0
0.0
0.0
0
0.0
0.0
0.0
0.0
0.0
0
0.0
0.0
0.0
0.0
0.0
0
0.0
0.0
0
-1.36408887974e+13
0.0
0
-26986490016.5
-915610.671284
0
0
0
0
0
0
0
0
0
0
0
0
0
0
0
0
0
0
0
0
0
0
0.0
0
0
0.0
0.0
0
0.0
0
0
0.0
0.0
0
0.0
0.0
0
0.0
0.0
0
0.0
0.0
0
0.0
0.0
0
0.0
0.0
0
0.0
0.0
0
0.0
0.0
0
0.0
0.0
0
0.0
0
0
0.0
0.0
0
0.0
0.0
0
-4855599928.47
0.0
0
-8526714644.83
-71332930.9849
0
0
0
0
0
0
0
0
0
0
0
0
0
0
0
0
0
0
0
0.0
0
0
0.0
0
0
0.0
0.0
0
0
0.0
0
0.0
0.0
0
0.0
0.0
0
0.0
0.0
0
0
0.0
0
0.0
0.0
0
0.0
0.0
0
0.0
0.0
0
0.0
0.0
0
0.0
0.0
0
0.0
0.0
0
0.0
13492336991.2
0
0.0
0.0
0
-27250387643.4
-1108436.84777
0
0.0
0.0
0
0
0
0
0
0
0
0
0
0
0
0
0
0
0
0
0
0
0
0.0
0
0
0
0
0
0
0
0
0.0
0
0
0.0
0
0
0.0
0
0
0
0
0
0.0
0.0
0
0.0
0.0
0
0.0
0.0
0
0.0
0.0
0
0.0
0.0
0
0.0
0.0
0
0.0
0.0
0
0.0
69711.2510177
0
0.0
1221929.6706
0
-1.31899262553e+11
-8107352.46321
0
0.0
-35448.5975526
0
0
0
0
0
0
0
0
0
0
0
0
0
0
0
0
0
0
0
0
0
0
0
0
0
0.0
0.0
0
0
0
0
0.0
0
0
0
0
0
0.0
0
0
0.0
0
0
0.0
0
0
0.0
0
0
0.0
0.0
0
0.0
0.0
0
0.0
0.0
0
0.0
9266133.38479
0
0.0
241232401.506
0
0.0
5082574313.71
0
0.0
-3071.37551063
0
0.0
-230057718.472
0
0
0
0
0
0
0
0
0
0
0
0
0
0
0
0
0
0
0
0
0
0
0
0
0
0
0.0
0
0
0.0
0
0.0
0.0
0
0
0.0
0
0
0.0
0
0
0.0
0
0.0
0.0
0
0
0.0
0
0.0
0.0
0.0
0.0
0.0
0
0.0
4269102626.92
0.0
0.0
11714746.6277
0.0
0.0
11965275.8044
0.0
0.0
62641.0861659
0.0
0.0
-811758.133838
0
0
-3175012.81544
0
0
0
0
0
0
0
0
0
0
0
0
0
0
0
0
0
0
0
0
0
0
0
0
0
0
0
0
0.0
0
0
0
0
0
0.0
0
0.0
0.0
0
0.0
0.0
0
0.0
0
0
0
0
0
0.0
0
0
0
0.0
0
0.0
0.0
0
0.0
-204.032644175
0
0.0
0.0
0
0
0.0
0
-1530659.43174
0.0
0
0.0
-6351.15532917
0
-1015300573.83
0
0
0
0
0
0
0
0
0
0
0
0
0
0
0
0
0
0
0
0
0
0
0
0
0
0
0
0.0
0
0
0.0
0
0
0.0
0
0
0.0
0
0
0.0
0
0.0
0
0
0.0
0.0
0.0
0.0
0
0
0.0
0.0
0
0.0
0.0
0
0
0.0
0.0
0
0.0
0
0
-172232.546306
0.0
0.0
0.0
0
0
-89234.5639678
0
0.0
0
0
0
0
0
0
0
0
0
0
0
0
0
0
0
0
0
0
0
0
0
0
0
0
0.0
0
0
0
0.0
0
0.0
0
0
0
0.0
0
0.0
0
0
0.0
0.0
0.0
0.0
0
0.0
0.0
0.0
0
0.0
0
0.0
0.0
0.0
0
0.0
0
0.0
0.0
0.0
0
0.0
0
0
-26970653.4191
0.0
0
-4204125.88401
0
0
-40797837.6126
0.0
0.0
0
0
0
0
0
0
0
0
0
0
0
0
0
0
0
0
0
0
0
0
0
0
0
0
0.0
0
0.0
0
0.0
0
0.0
0
0
0.0
0.0
0
0.0
0
0
0.0
0
0
0.0
0.0
0
0.0
0.0
0
0.0
0.0
0.0
0.0
0.0
0
0.0
0.0
0.0
0.0
0.0
0
0.0
0
0
0.0
0.0
0.0
-420522852.758
0.0
0
-43860885.052
-332263.710819
0.0
0
0
0
0
0
0
0
0
0
0
0
0
0
0
0
0
0
0
0
0
0
0
0.0
0
0
0.0
0
0
0.0
0
0
0.0
0
0.0
0.0
0
0
0.0
0
0.0
0.0
0
0.0
0.0
0
0.0
0.0
0
0.0
0.0
0.0
0.0
0.0
0
0.0
0.0
0
0.0
0.0
0
0.0
0.0
0
0.0
0.0
0.0
0.0
-2586713077.11
0
-7105926443.65
-4969767.8533
0.0
0
0
0
0
0
0
0
0
0
0
0
0
0
0
0
0
0
0
0
0.0
0
0
0
0
0
0.0
0
0
0
0
0.0
0.0
0
0.0
0
0
0.0
0.0
0
0.0
0.0
0
0.0
0.0
0
0.0
0.0
0.0
0.0
0.0
0
0.0
0.0
0.0
0.0
0.0
0
0.0
0.0
0.0
0.0
0.0
0
0.0
0.0
0
-1406222890.79
0.0
0
-100142028.915
-48385.9898933
0
0
0
0
0
0
0
0
0
0
0
0
0
0
0
0
0
0
0
0
0
0
0
0
0
0
0.0
0
0.0
0.0
0.0
0.0
0.0
0
0.0
0.0
0
0.0
0.0
0
0.0
0
0
0
0.0
0
0.0
0
0
0.0
0.0
0
0.0
0
0.0
0.0
0.0
0
0.0
0.0
0.0
0.0
0.0
0
0.0
0.0
0
-1756253126.49
0.0
0
-189179.26098
0.0
0
0
0
0
0
0
0
0
0
0
0
0
0
0
0
0
0
0
0
0
0
0
0.0
0
0
0
0.0
0
0.0
0
0
0.0
0.0
0
0.0
0.0
0
0.0
0.0
0
0
0.0
0
0.0
0.0
0
0.0
0.0
0
0.0
0.0
0
0.0
0.0
0.0
0.0
0.0
0
0.0
0
0.0
0.0
0.0
0
0.0
0.0
0
-27801475538.8
0.0
0
-72484209.5436
-235001.519988
0
0
0
0
0
0
0
0
0
0
0
0
0
0
0
0
0
0
0
0
0
0
0.0
0
0
0.0
0.0
0
0.0
0.0
0
0.0
0.0
0
0.0
0.0
0
0.0
0.0
0
0.0
0.0
0
0.0
0.0
0
0.0
0.0
0
0.0
0.0
0
0.0
0.0
0.0
0.0
0.0
0
0.0
0.0
0
0.0
0.0
0
0.0
0.0
0
-1031474899.83
-200513.780444
0
0.0
0.0
0
0
0
0
0
0
0
0
0
0
0
0
0
0
0
0
0
0
0
0.0
0
0
0
0
0
0.0
0
0
0.0
0.0
0
0.0
0
0
0
0
0
0.0
0
0
0.0
0.0
0
0.0
0
0
0.0
0.0
0
0.0
0.0
0
0.0
0.0
0
0.0
0.0
0
0.0
0.0
0
0.0
1826875795.98
0
0.0
1797.87481102
0
-1.87706914755e+13
-2540156883.97
0
0.0
-49.2293909886
0
0
0
0
0
0
0
0
0
0
0
0
0
0
0
0
0
0
0
0.0
0
0
0
0
0
0.0
0.0
0
0
0
0
0.0
0
0
0
0
0
0
0.0
0
0
0.0
0
0.0
0.0
0
0
0
0
0.0
0.0
0
0.0
0.0
0
0.0
0.0
0.0
0.0
0.0
0
0.0
697932076.426
0.0
0
33606.2697224
0
-1.72369630183e+12
-563977.65588
0
0.0
-983086.597782
0
0
0
0
0
0
0
0
0
0
0
0
0
0
0
0
0
0
0
0
0
0
0
0
0
0.0
0.0
0
0
0.0
0
0.0
0.0
0
0
0.0
0
0.0
0.0
0
0
0.0
0
0.0
0.0
0
0
0.0
0
0.0
0.0
0.0
0
0.0
0
0.0
878004802.87
0.0
0.0
1387.19185581
0
0.0
2105129.30206
0.0
0.0
-6344437.43652
0
0.0
-132606854.242
0.0
0
-29698.4875649
0
0
0
0
0
0
0
0
0
0
0
0
0
0
0
0
0
0
0
0
0
0
0
0
0
0
0
0
0.0
0
0
0
0
0
0.0
0
0.0
0.0
0
0
0.0
0
0.0
0
0
0.0
0.0
0
0.0
0
0
0.0
0.0
0
0.0
0.0
0
0
-0.634316947481
0.0
-367689.871006
0
0
0
-28404.2949117
0
-619.377668317
0
0
0
-2193.80121161
0
-6227702.06491
0
0
0
0
0
0
0
0
0
0
0
0
0
0
0
0
0
0
0
0
0
0
0
0
0
0
0
0
0
0
0
0
0
0.0
0.0
0.0
0.0
0
0
0.0
0.0
0.0
0
0
0.0
0.0
0.0
0.0
0
0
0.0
0.0
0.0
0.0
0.0
0
0.0
0.0
0.0
0.0
0
0
0
-10917.720504
0.0
0.0
0.0
0
0
-2459.62568043
0.0
0.0
0
0
0
0
0
0
0
0
0
0
0
0
0
0
0
0
0
0
0
0
0
0
0
0
0
0
0.0
0
0.0
0
0.0
0
0
0.0
0.0
0
0.0
0
0
0.0
0.0
0.0
0.0
0
0
0.0
0.0
0.0
0.0
0
0.0
0.0
0.0
0
0.0
0
0
0.0
0.0
0.0
0.0
0
0
-704.278190172
0.0
0.0
-445230044.046
0
0
-152674.535282
0.0
0.0
0
0
0
0
0
0
0
0
0
0
0
0
0
0
0
0
0
0
0
0
0
0
0
0
0.0
0
0.0
0
0
0
0.0
0
0
0.0
0.0
0
0.0
0
0
0.0
0
0.0
0.0
0.0
0
0.0
0
0.0
0.0
0.0
0
0.0
0.0
0
0.0
0
0
0.0
0
0
0.0
0
0
-294613.727039
0.0
0
-52428977965.5
0
0
-12452.5010672
-15078488.5566
0
0
0
0
0
0
0
0
0
0
0
0
0
0
0
0
0
0
0
0
0
0
0
0.0
0
0
0.0
0
0
0.0
0
0.0
0.0
0
0.0
0
0
0.0
0.0
0
0
0.0
0
0.0
0.0
0
0.0
0.0
0
0.0
0.0
0
0.0
0.0
0
0.0
0.0
0
0.0
0.0
0
0.0
0.0
0
0.0
0.0
0.0
-181153071.817
0.0
0
-138829820.363
-0.0283062326726
0.0
0
0
0
0
0
0
0
0
0
0
0
0
0
0
0
0
0
0
0
0.0
0
0
0
0
0
0.0
0
0.0
0
0
0
0.0
0
0.0
0
0
0
0
0
0.0
0
0
0.0
0.0
0
0.0
0.0
0
0.0
0.0
0
0.0
0.0
0
0.0
0.0
0
0.0
0.0
0
0.0
0.0
0
0.0
0.0
0.0
0.0
0.0
0
-1649844.94696
-266.774468178
0.0
0
0
0
0
0
0
0
0
0
0
0
0
0
0
0
0
0
0
0
0
0
0.0
0
0
0
0.0
0
0.0
0.0
0.0
0.0
0.0
0
0.0
0.0
0
0.0
0.0
0
0
0
0
0.0
0.0
0
0.0
0
0.0
0.0
0.0
0
0.0
0
0.0
0.0
0.0
0
0.0
0.0
0.0
0.0
0.0
0
0.0
0.0
0
-1967209280.04
0.0
0
0.0
-339408.434532
0.0
0
0
0
0
0
0
0
0
0
0
0
0
0
0
0
0
0
0
0
0
0
0.0
0
0
0
0.0
0
0
0
0.0
0.0
0.0
0
0.0
0.0
0
0.0
0.0
0
0.0
0.0
0
0.0
0.0
0
0.0
0.0
0
0.0
0.0
0
0.0
0.0
0.0
0.0
0.0
0
0.0
-1863568.27389
0.0
0.0
0.0
0
0.0
0.0
0
-2.25557695947e+11
0.0
0
0.0
-1645.69580813
0
0
0
0
0
0
0
0
0
0
0
0
0
0
0
0
0
0
0
0
0
0
0
0
0
0
0.0
0
0.0
0.0
0
0.0
0.0
0
0
0.0
0
0.0
0.0
0
0.0
0.0
0
0.0
0.0
0
0.0
0.0
0
0.0
0
0
0.0
0.0
0.0
0.0
0.0
0
0.0
0.0
0.0
0.0
0.0
0
0.0
0.0
0
-3.26997051043e+11
-88608368.1393
0
-210994833.344
-2582842.18892
0
0
0
0
0
0
0
0
0
0
0
0
0
0
0
0
0
0
0
0
0
0
0
0
0
0.0
0
0
0
0.0
0
0.0
0
0
0
0
0
0.0
0
0
0
0.0
0
0.0
0
0
0.0
0.0
0
0.0
0.0
0
0.0
0.0
0.0
0.0
0.0
0
0.0
0.0
0.0
0.0
729047282.182
0
0.0
0.0
0
-2.69813075506e+13
-999668954.267
0
0.0
-176716.478872
0
0
0
0
0
0
0
0
0
0
0
0
0
0
0
0
0
0
0
0.0
0
0
0
0
0
0.0
0.0
0
0
0.0
0
0.0
0.0
0
0
0.0
0
0.0
0.0
0
0
0.0
0
0.0
0.0
0
0
0.0
0
0.0
0.0
0.0
0.0
0.0
0
0.0
0.0
0.0
0
35435715.0955
0
0.0
1.41161370159e+11
0.0
0
230403.094795
0
-70245660975.7
-205646.54196
0
0
-5608.45225174
0
0
0
0
0
0
0
0
0
0
0
0
0
0
0
0
0
0
0
0.0
0
0
0
0
0
0.0
0
0
0
0.0
0
0.0
0
0.0
0
0
0
0.0
0.0
0.0
0
0.0
0
0.0
0.0
0.0
0
0.0
0
0.0
0.0
0.0
0
0.0
0
0.0
0.0
0.0
0.0
2147892.54004
0
0.0
0.0
0.0
0.0
134100.638616
0
-2.2183162544e+13
-94880306.0857
0.0
0
4161.02411928
0
0
0
0
0
0
0
0
0
0
0
0
0
0
0
0
0
0
0
0
0
0
0
0
0
0
0
0
0
0
0.0
0
0
0
0.0
0
0.0
0
0
0
0.0
0
0.0
0
0
0.0
0.0
0
0.0
0.0
0
0.0
-1876.73629046
0
0.0
0
0
0.0
-8.06496204143
0.0
-592.38923456
0
0
0
-2406.87495339
0.0
-55.7895060545
0
0
0
-2285.32389925
0
-3032885.07067
0
0
0
0
0
0
0
0
0
0
0
0
0
0
0
0
0
0
0
0
0
0
0
0
0
0
0.0
0
0
0
0
0
0
0.0
0.0
0.0
0.0
0
0
0.0
0.0
0.0
0
0
0
0.0
0.0
0.0
0
0
0.0
0.0
0.0
0.0
0
0
0
0.0
0
-2922.91907979
0
0
0
-0.314798414254
0.0
-0.0761172952586
0
0
0
-203242713.986
0.0
-37685.3101287
0
0
0
0
0
0
0
0
0
0
0
0
0
0
0
0
0
0
0
0
0
0
0
0
0
0
0.0
0
0.0
0
0
0
0
0.0
0
0
0.0
0
0
0.0
0
0
0
0
0
0.0
0.0
0.0
0
0
0
0.0
0
0.0
0.0
0
0
0.0
0.0
0.0
0
0
0
0.0
0.0
0.0
0.0
0
0
-39321.7930224
-365926.967741
-1944870.51911
0
0
0
0
0
0
0
0
0
0
0
0
0
0
0
0
0
0
0
0
0
0
0.0
0
0.0
0
0
0
0.0
0
0.0
0
0
0.0
0.0
0
0.0
0
0
0
0
0.0
0.0
0.0
0
0.0
0.0
0.0
0.0
0
0
0.0
0.0
0
0.0
0
0
0.0
0.0
0.0
0.0
0
0
0.0
-2237964.14645
0.0
0.0
0
0
-12548773.706
-122347.000766
0.0
0
0
0
0
0
0
0
0
0
0
0
0
0
0
0
0
0
0
0
0
0
0
0
0
0.0
0
0
0.0
0
0
0.0
0.0
0
0.0
0
0
0.0
0.0
0
0.0
0.0
0.0
0.0
0.0
0
0
0
0.0
0.0
0.0
0
0.0
0.0
0
0.0
0.0
0
0.0
0.0
0
0.0
0.0
0
0.0
0.0
0
-64316951968.7
0.0
0
-13464.6596674
-51152.5829036
0
0
0
0
0
0
0
0
0
0
0
0
0
0
0
0
0
0
0
0
0.0
0
0.0
0.0
0
0
0.0
0
0.0
0
0
0
0.0
0
0.0
0
0
0
0.0
0
0.0
0
0
0.0
0.0
0
0.0
0.0
0
0.0
0.0
0
0.0
0.0
0
0
0.0
0
0.0
0.0
0
0.0
0.0
0
0.0
0.0
0
0.0
0.0
0
-2108028.13568
-29.6280822795
0.0
0
0
0
0
0
0
0
0
0
0
0
0
0
0
0
0
0
0
0
0.0
0
0.0
0.0
0
0
0.0
0
0
0.0
0
0
0.0
0
0.0
25824857.0009
0
0
0.0
0
0.0
0
0
0.0
0.0
0
0.0
0
0
0.0
0.0
0
0.0
0
0
0.0
0.0
0
0.0
0.0
0
0.0
0.0
0
0.0
0.0
0.0
0.0
0.0
0
0.0
-76637.3043258
0.0
0
0
0
0
0
0
0
0
0
0
0
0
0
0
0
0
0
0
0
0
0
0
0
0
0
0.0
0
0.0
0
0.0
0.0
0.0
0
0.0
0.0
0
0.0
0.0
0
0.0
0.0
0
0.0
0.0
0
0.0
0.0
0.0
0.0
0.0
0
0
0.0
0.0
0.0
0.0
0
0.0
-6289.56207066
0
0.0
0.0
0
0.0
0.0
0
-4765069304.1
0.0
0
0.0
-81.1530697271
0.0
0
0
0
0
0
0
0
0
0
0
0
0
0
0
0
0
0
0
0
0
0
0
0
0
0
0.0
0
0
0.0
0.0
0.0
0.0
0
0
0.0
0
0.0
0.0
0
0.0
0.0
0
0.0
0.0
0
0.0
0.0
0
0.0
0.0
0
0.0
0.0
0.0
0.0
0.0
0
0.0
0.0
0.0
0.0
0.0
0
0.0
-4.76393483386
0
-1.877216816e+12
-7622625039.26
0
-2625111.25494
-1568.67717821
0
0
0
0
0
0
0
0
0
0
0
0
0
0
0
0
0
0
0
0
0
0
0
0
0
0
0
0
0
0
0
0.0
0
0
0
0
0
0.0
0
0
0
0.0
0
0.0
0
0
0
0.0
0
0.0
0.0
0
0.0
0.0
0.0
0.0
0.0
0
0.0
0.0
0.0
0.0
66410278129.6
0
0
2670.88514557
0
-1.34863915327e+11
-286851184.432
0
0.0
-541.28284735
0
0
0
0
0
0
0
0
0
0
0
0
0
0
0
0
0
0
0
0
0
0
0
0
0
0.0
0.0
0
0
0.0
0
0.0
0.0
0.0
0
0.0
0
0.0
0.0
0
0
0.0
0
0.0
0.0
0
0
0.0
0
0.0
0.0
0.0
0
0.0
0.0
0.0
0.0
0.0
0.0
541434.060007
0.0
0.0
1.42638623363e+11
0.0
0.0
273455.732433
0
-9.64467527566e+11
6.85176959409e+11
0.0
0
-1840.6565906
0
0
0
0
0
0
0
0
0
0
0
0
0
0
0
0
0
0
0
0.0
0
0
0
0
0
0
0
0.0
0
0.0
0
0.0
0
0
0
0
0
0
0
0.0
0
0.0
0
0.0
0.0
0.0
0
0.0
0
0.0
0.0
0.0
0
0.0
0
0.0
0.0
0.0
0
270.040821837
0
0.0
0
0.0
0
-2660.53430521
0
0.0
0.0
0.0
0
-75113.3103792
0
0
0
0
0
0
0
0
0
0
0
0
0
0
0
0
0
0
0
0
0
0
0
0
0
0
0
0.0
0
0
0.0
0
0
0
0.0
0.0
0.0
0
0
0
0.0
0.0
0.0
0.0
0
0
0.0
0.0
-1.88233848834
0.0
0
0.0
0.0
0.0
0.0
0.0
0
0
-2.91856801436
0.0
-325.176490851
0
0
0
-0.000820899793774
-14781.3244082
-25.9941098482
0
0
0
-11856355.1207
0.0
-54227.8474388
0
0
0
0
0
0
0
0
0
0
0
0
0
0
0
0
0
0
0
0
0
0
0
0
0
0
0.0
0
0.0
0
0
0
0
0.0
0.0
0.0
0.0
0
0
0.0
0.0
0.0
0.0
0
0
0.0
0.0
0.0
0.0
0
0
0.0
0.0
0.0
0
0
0
-0.513387992499
0.0
-222.158219289
0
0
0
-26.6512982048
0.0
-1.97886899377e-09
0
0
0
-20321.5468709
-8991.34966696
-280238.483528
0
0
0
0
0
0
0
0
0
0
0
0
0
0
0
0
0
0
0
0
0
0
0
0
0
0
0
0
0.0
0
0
0
0
0
0.0
0.0
0.0
0
0
0
0
0.0
0
0
0
0.0
0.0
0.0
0
0
0
0.0
0.0
0.0
0
0
0
0.0
0.0
0.0
0
0
0
0.0
-6272.57215676
0.0
0
0
0
-4479031.7942
-2303.35424656
-3178.99739012
0
0
0
0
0
0
0
0
0
0
0
0
0
0
0
0
0
0
0
0
0
0
0.0
0
0
0
0
0.0
0.0
0
0.0
0
0
0.0
0.0
0
0.0
0
0
0.0
0
0.0
0
0
0
0
0.0
0.0
0
0
0
0.0
0.0
0.0
0.0
0
0
0.0
0.0
0.0
0
0
0
0.0
0.0
0.0
0.0
0
0
-79.2760162538
-13248.9003337
-13288.6817656
0
0
0
0
0
0
0
0
0
0
0
0
0
0
0
0
0
0
0
0
0
0
0
0
0.0
0
0
0.0
0
0
0.0
0
0
0.0
0
0
0.0
0
0
0.0
0.0
0.0
0.0
0.0
0
0.0
0
0.0
0.0
0
0
0.0
0.0
0
0.0
0.0
0
0.0
0.0
0.0
0.0
0
0
0.0
0.0
0.0
0.0
0
0
-32826.2489189
-99715.4620936
-5887.66850451
0
0
0
0
0
0
0
0
0
0
0
0
0
0
0
0
0
0
0
0
0
0.0
0.0
0
0
0.0
0
0.0
0
0
0.0
0.0
0
0.0
0
0
0.0
0.0
0
0.0
0
0.0
0.0
0.0
0
0.0
0.0
0.0
0.0
0.0
0
0.0
0.0
0
0.0
0.0
0
0.0
0
0
0.0
0.0
0
0.0
0.0
0
0.0
0.0
0
-620311.235501
0.0
0
0
0
0
0
0
0
0
0
0
0
0
0
0
0
0
0
0
0
0
0.0
0
0.0
0
0
0
0.0
0
0
0.0
0
0
0.0
0
0.0
2602027.17288
0
0
0.0
0
0.0
0
0
0
0.0
0
0.0
0
0.0
0
0.0
0
0.0
0
0
0.0
0.0
0
0.0
0.0
0
0.0
0.0
0
0.0
0.0
0
0.0
0.0
0
-371487.040638
-15601.1000093
0.0
0
0
0
0
0
0
0
0
0
0
0
0
0
0
0
0
0
0
0
0
0
0
0
0
0
0.0
0
0.0
0
0
0
0.0
0
0
0
0
0
0.0
0
0.0
0.0
0
0.0
0.0
0
0.0
0.0
0.0
0.0
0.0
0
0.0
0.0
0
0.0
0.0
0
0.0
-815.346639209
0
0.0
0.0
0
0.0
-8.00972167746
0.0
0.0
-5.53939528151e+11
0
-12449.8763527
-72055.5800058
0.0
0
0
0
0
0
0
0
0
0
0
0
0
0
0
0
0
0
0
0
0
0
0
0
0
0
0.0
0
0
0.0
0.0
0.0
0.0
0
0
0.0
0
0.0
0.0
0
0
0.0
0
0.0
0.0
0
0
4763609688.17
0.0
0.0
0.0
0
0.0
0.0
0.0
0.0
0.0
0
0.0
-0.914173512662
0
0.0
0.0
0
0.0
-0.00762985753551
0.0
-5.41087102895e+12
-7462906123.36
0
0.0
-43.8007420857
0.0
0
0
0
0
0
0
0
0
0
0
0
0
0
0
0
0
0
0
0
0
0
0
0
0
0
0.0
0
0
0
0.0
0.0
0.0
0.0
0
0.0
0
0.0
0.0
0
0
0.0
0
0.0
0.0
0
0
0.0
0
0.0
0.0
0.0
0.0
25108335.0763
0.0
0.0
0.0
0.0
0
0.0
0.0
0.0
3763304798.18
0.0
0
41.6048749799
0
-1.88092482376e+13
-1580264693.13
0
0
-73551.369546
0
0
0
0
0
0
0
0
0
0
0
0
0
0
0
0
0
0
0
0
0
0
0
0
0
0
0.0
0
0
0.0
0
0.0
0.0
0.0
0
0.0
0
0.0
0.0
0.0
0
0.0
0
0.0
0.0
0.0
0
0.0
0
0.0
0.0
0.0
0
0.0
0.0
0.0
0.0
0.0
0.0
-85107.903889
0.0
0.0
-128614666.946
0.0
0.0
194.464627565
0
-2.90201139444e+13
0.0
0.0
0
-999.866507501
0
0
0
0
0
0
0
0
0
0
0
0
0
0
0
0
0
0
0
0.0
0
0.0
0
0
0
0.0
0
0.0
0
0
0
0.0
0
0.0
0
0
0
0.0
0
0.0
0
0
0
0.0
0
0.0
0
-105.938640494
0
0.0
0
0.0
0
0.0
0.0
0.0
0
0.0
0
0.0
0.0
-2.4264462003e+15
0
0.0
0
-590.001245422
0
0.0
0.0
0.0
0
-8991.62240965
0
0
0
0
0
0
0
0
0
0
0
0
0
0
0
0
0
0
0
0
0
0
0
0
0
0.0
0
0.0
0
0
0
0
0
0
0.0
0.0
0.0
0
0
0
0.0
0.0
0.0
0
0
0
0
0.0
-75147.8713928
0.0
0
0
0.0
0.0
-0.0547365692629
0
0
0
-1.59389416881e-06
0.0
-133.56070077
0
0
0
0.0
-3017.90866908
-323.470851897
0
0
0
-10560.0461843
-17.7375892899
-155870.391865
0
0
0
0
0
0
0
0
0
0
0
0
0
0
0
0
0
0
0
0
0
0
0
0
0
0
0
0
0.0
0.0
0
0
0
0
0
0
0
0
0
0
0
0.0
0.0
0
0
0.0
0.0
-137.746321308
0.0
0
0
-0.00132824514067
0
0.0
0.0
0
0
0.0
0.0
-2.83584256377
0
0
0
0.0
0.0
-103.739308646
0
0
0
-77474.4454151
-117.373099124
-17767.6364532
0
0
0
0
0
0
0
0
0
0
0
0
0
0
0
0
0
0
0
0
0
0
0
0
0
0
0
0.0
0
0
0
0
0
0.0
0.0
0.0
0.0
0
0
0.0
0
0.0
0.0
0
0
0
0
0.0
0.0
0
0
0.0
0.0
0.0
0.0
0
0
0.0
-7.54203629163
0.0
0
0
0
0.0
-1071.05956508
0.0
0
0
0
-198.581417369
-314.748897996
-1156.96111744
0
0
0
0
0
0
0
0
0
0
0
0
0
0
0
0
0
0
0
0
0
0
0.0
0
0
0
0
0.0
0.0
0
0
0
0
0.0
0
0.0
0
0
0
0.0
0.0
0.0
0
0
0
0.0
0.0
0.0
0
0
0
0.0
0.0
0.0
0
0
0
0.0
0.0
0.0
0
0
0
0.0
0.0
0.0
0
0
0
-74050.6715786
-5086.71808891
-3016.09523783
0
0
0
0
0
0
0
0
0
0
0
0
0
0
0
0
0
0
0
0
0
0.0
0
0
0
0
0
0.0
0
0
0.0
0
0
0.0
0
0
0.0
0
0
0
0.0
0.0
0.0
0.0
0
0.0
0.0
0
0.0
0
0
0.0
0.0
0.0
0.0
0
0
0.0
0.0
0.0
0.0
0
0
0.0
0.0
0
0.0
0
0
-0.968417591414
-3317.26339209
-546.673957028
0
0
0
0
0
0
0
0
0
0
0
0
0
0
0
0
0
0
0
0
0
0.0
0.0
0
0.0
0.0
0
0
0
0
0.0
0.0
0
0.0
0
0
0.0
0
0
0.0
0
0.0
0.0
0.0
0
0.0
0.0
0.0
0.0
0.0
0
0.0
0.0
0.0
0.0
0.0
0
0.0
0
0.0
0.0
0.0
0
0.0
0.0
0.0
0.0
0.0
0
-77443.0960204
0.0
-89579.4804317
0
0
0
0
0
0
0
0
0
0
0
0
0
0
0
0
0
0
0
0.0
0
0
0
0
0
0.0
0
0.0
0.0
0
0
0.0
0
0.0
-381779.383906
0
0
0.0
0
0.0
0.0
0
0.0
0.0
0
0.0
0
0.0
0.0
0.0
0
0.0
0
0
0.0
0.0
0
0.0
0.0
0.0
0.0
0.0
0
0.0
0.0
0.0
0.0
0.0
0
-1.39799566603
-176.349549865
-15386.4144254
0
0
0
0
0
0
0
0
0
0
0
0
0
0
0
0
0
0
0
0
0
0
0
0
0
0.0
0
0
0
0
0
0.0
0
0
0
0
0
0.0
0
0.0
0.0
0
0.0
0.0
0
0.0
0.311117625797
0.0
0
0.0
0
0.0
-14933.4566366
0
0.0
0.0
0
0.0
-2955.90648752
0
0.0
0.0
0
0.0
-15217.5582913
0
0
0.0
0
-426.170425289
-332.069608988
0
0
0
0
0
0
0
0
0
0
0
0
0
0
0
0
0
0
0
0
0
0
0
0
0
0
0.0
0
0
0.0
0
0
0.0
0.0
0
0.0
0
0
0.0
0
0
0.0
0
0
0.0
0
0
5710649.38761
0.0
0
0.0
0
0.0
7614199.18348
0
0.0
0.0
0
0.0
25789.1540225
0
0.0
0.0
0
0.0
-1.50417382325
0.0
0.0
-45725443218.0
0
0.0
-3019.1232725
0.0
0
0
0
0
0
0
0
0
0
0
0
0
0
0
0
0
0
0
0
0
0
0
0
0
0
0.0
0
0
0
0.0
0.0
0.0
0.0
0
0.0
0
0.0
0.0
0
0
0.0
0
0.0
0.0
0
0
0.0
0.0
0.0
0.0
0.0
0
0.0
0.0
0.0
3.05588427137e+12
0.0
0
59211.6825582
0
0.0
16260755955.4
0
0
1099589988.15
0.0
-7.25463908526e+14
-3.73354227584e+11
0.0
0
-367.016283878
0.0
0
0
0
0
0
0
0
0
0
0
0
0
0
0
0
0
0
0
0
0
0.0
0
0
0
0
0
0.0
0
0.0
0.0
0.0
0
0.0
0
0.0
0
0.0
0.0
0.0
0
0.0
0
0.0
0
0.0
0
0.0
0
0.0
0.0
0.0
0
0.0
0.0
0.0
0.0
0.0
0.0
-767.834349178
0
0.0
0.0
0.0
0.0
-4.40018638849
0
-9.61688086446e+14
0.0
0.0
0
-20.7184481619
0.0
0
0
0
0
0
0
0
0
0
0
0
0
0
0
0
0
0
0
0
0
0.0
0
0
0
0.0
0
0.0
0
0.0
0
0.0
0
0.0
0
0
0
0.0
0
0.0
0
0
0
0.0
0
0.0
0
-0.148166813576
0
0.0
0
0.0
0.0
0.0
0.0
0.0
0
0.0
0.0
0.0
0.0
0.0
0
0.0
0
-195.806228201
0
-2.6960900131e+13
0.0
0.0
0
75534.1412355
0
0
0
0
0
0
0
0
0
0
0
0
0
0
0
0
0
0
0
0
0
0
0
0
0
0.0
0
0.0
0
0.0
0
0
0
0
0
0.0
0.0
0
0
0
0
0.0
0.0
0
0
0
0.0
0.0
0.0
0
0
0
-0.325114644447
-3072.52587786
-4195.30859484
0
0
0
0.0
0.0
-378420.825376
0
0
0
-15107.7154944
-6.03581733816
-15.1796241022
0
0
0
-57.1692661716
-616.436763228
-337.545217037
0
0
0
0
0
0
0
0
0
0
0
0
0
0
0
0
0
0
0
0
0
0
0
0
0.0
0
0
0
0.0
0.0
0
0
0
0.0
0
0.0
0
0
0
0.0
0
0.0
0
0
0
0.0
0.0
-0.10593906214
0.0
0
0
0.0
-616.942657281
-92287.7279189
0
0
0
0.0
-51.0495537712
-36.3491931389
0
0
0
-29711.9184005
0.0
-68.5109536177
0
0
0
-3652.24764382
-35.0905383829
-15225.4566103
0
0
0
0
0
0
0
0
0
0
0
0
0
0
0
0
0
0
0
0
0
0
0.0
0
0
0
0
0.0
0.0
0
0
0
0
0.0
0.0
0
0.0
0
0
0.0
0
0.0
0.0
0
0
0.0
0.0
-0.0826477927847
0.0
0
0
0.0
-7.28362580477
0.0
0.0
0
0
0.0
-8.51537770594
0.0
0
0
0
0.0
-0.176422434455
-610.333122846
0
0
0
-3012.90925311
-3153.08851196
-47.6543470067
0
0
0
0
0
0
0
0
0
0
0
0
0
0
0
0
0
0
0
0
0
0.0
0.0
0
0
0
0
0.0
0.0
0
0
0
0
0.0
0
0.0
0.0
0
0
0
0.0
0.0
0.0
0
0
0.0
0.0
0.0
0.0
0
0
0.0
0.0
0.0
0.0
0
0
0.0
0.0
0.0
0
0
0
0.0
0.0
0.0
0
0
0
-370.778715298
-613.418331408
-16.201313912
0
0
0
0
0
0
0
0
0
0
0
0
0
0
0
0
0
0
0
0
0
0.0
0
0
0
0
0
0
0
0
0
0
0
0.0
0
0.0
0.0
0
0
0.0
0
0.0
0
0
0
0.0
0.0
0.0
0
0
0
0.0
0.0
0.0
0
0
0
0.0
0.0
0.0
0
0
0
0.0
0.0
0.0
0
0
0
-3261.12652196
-51.2629526485
-1045.56067101
0
0
0
0
0
0
0
0
0
0
0
0
0
0
0
0
0
0
0
0
0
0
0.0
0
0.0
0.0
0
0.0
0
0
0.0
0.0
0
0.0
0
0
0.0
0
0
0
0
0.0
0.0
0.0
0
0.0
0.0
0
0.0
0
0
0.0
0.0
0.0
0.0
0
0
0.0
0.0
0.0
0.0
0.0
0
0.0
0.0
0
0.0
0
0
-14970.3795703
-624.827143985
-210.296049635
0
0
0
0
0
0
0
0
0
0
0
0
0
0
0
0
0
0
0
0.0
0
0
0
0
0
0.0
0
0.0
0.0
0
0.0
0.0
0
0
-76355.9033398
0
0.0
0.0
0
0.0
0.0
0.0
0.0
0.0
0
0.0
3066.28796204
0.0
0.0
0.0
0
0.0
0
0.0
0.0
0.0
0
0.0
-9.17070553473
0.0
0.0
0.0
0
0.0
0.0
0.0
0.0
0.0
0
-659.14867052
-2993.2028792
-0.274753421353
0
0
0
0
0
0
0
0
0
0
0
0
0
0
0
0
0
0
0
0
0
0
0
0
0
0.0
0
0
0
0
0
0.0
0
0
0
0
0
0.0
0
0
0.0
0
0.0
0.0
0
0.0
54233.6723097
0.0
0
0.0
0
0.0
-1.52740834414
0
0
0.0
0
0.0
-676.449670954
0.0
0.0
0.0
0
0.0
-45.5626057202
0.0
0.0
0.0
0
0.0
-3041.01819113
-0.0460210241245
0
0
0
0
0
0
0
0
0
0
0
0
0
0
0
0
0
0
0
0
0
0
0
0
0
0.0
0
0
0.0
0
0
0
0.0
0
0.0
0
0
0.0
0
0
0.0
0
0.0
0.0
0
0
11546.4979145
0.0
0
0.0
0.0
0.0
-3629.65410744
0
0.0
0.0
0
0.0
-607.81225124
0
0
8.10492667884e+11
0
0
-3236.77218624
0
0
-3.6856231348e+12
0
0
-15.0729589685
0
0
0
0
0
0
0
0
0
0
0
0
0
0
0
0
0
0
0
0
0
0
0
0
0
0
0.0
0.0
0
0
0
0
0.0
0.0
0
0.0
0
0
0.0
0.0
0
0.0
0
0.0
0.0
0.0
0
0.0
0.0
0
4.25394547816e+13
0.0
0
0.0
0
0.0
1.52389866108e+11
0.0
0.0
9073.58206669
0
0.0
1.6443096628e+15
0.0
0.0
-0.00395196241681
0
0.0
-1.7132252222e+13
0.0
0
-2.48894713321
0.0
0
0
0
0
0
0
0
0
0
0
0
0
0
0
0
0
0
0
0
0
0.0
0
0
0
0
0
0.0
0
0
0.0
0
0
0.0
0
0.0
0
0.0
0
0.0
0
0.0
0
0.0
0
0.0
0
0.0
0.0
0.0
0.0
0.0
0.0
-613.919360279
0.0
0.0
0
0.0
0.0
-101.013077768
0
0.0
0
0.0
0
14243.2010168
0.0
-3.38871052526e+16
0
0.0
0
-79.2180819652
0.0
0
0
0
0
0
0
0
0
0
0
0
0
0
0
0
0
0
0
0
0
0
0
0
0
0
0
0.0
0
0.0
0
0.0
0
0.0
0
0
0
0.0
0
0.0
0
0
0
0.0
0
0.0
0
-0.0255524000871
0
0.0
0
0.0
0.0
-394.588065786
0.0
0.0
0
0.0
0.0
0.0
0
0.0
0
0.0
0
-0.36262939692
0
0.0
0.0
0.0
0
-590.09529724
0.0
0
0
0
0
0
0
0
0
0
0
0
0
0
0
0
0
0
0
0
0
0
0
0
0
0.0
0
0
0
0.0
0
0
0
0
0.0
0.0
0
0
0
0
0.0
0.0
0
0
0
0
0.0
0.0
0.0
0
0
0
0.0
-3.68703105343
-0.0248561815424
0
0
0
-39.1274264136
0.0
-7.04419672617
0
0
0
-15.6033070532
-0.854312103464
-3.75229444753
0
0
0
-615.010642425
-124.997696426
-0.147612964066
0
0
0
0
0
0
0
0
0
0
0
0
0
0
0
0
0
0
0
0
0
0
0
0
0.0
0
0
0.0
0
0
0
0
0
0.0
0.0
0.0
0
0
0
0.0
0
0.0
0
0
0
0
0
-24.3358122702
0
0
0
0.0
-3063.43506069
-2.4433278818
0
0
0
-0.370536124615
-10.4385302414
-726.864961935
0
0
0
0.0
-615.628659891
-6.65153773965
0
0
0
-36.8727966022
-127.744940136
-3296.42371506
0
0
0
0
0
0
0
0
0
0
0
0
0
0
0
0
0
0
0
0
0
0.0
0.0
0
0.0
0
0
0.0
0.0
0.0
0
0
0
0.0
0.0
0
0
0
0
0
0
0.0
0
0
0
0.0
0.0
-0.0601889186213
0
0
0
0.0
-3040.27376466
-273.098773245
0
0
0
0.0
-123.758451257
-7.11207632368
0
0
0
-5.12587756414
-122.89901975
-33.6163676878
0
0
0
-3065.91975582
-7.37232575757
-3019.61231994
0
0
0
0
0
0
0
0
0
0
0
0
0
0
0
0
0
0
0
0
0
0.0
0
0
0
0
0
0
0
0
0
0
0
0
0
0
0.0
0
0
0.0
0.0
0.0
0.0
0
0
0
0
0.0
0.0
0
0
0.0
0.0
0.0
0.0
0
0
0.0
0.0
-2.07672172919
0
0
0
0.0
0.0
-612.423520113
0
0
0
-719.101511836
-1.83811613214
-126.925076582
0
0
0
0
0
0
0
0
0
0
0
0
0
0
0
0
0
0
0
0
0
0.0
0
0
0
0.0
0
0
0
0
0
0.0
0
0.0
0
0.0
0
0
0
0
0
0.0
0.0
0
0
0.0
0.0
0.0
0.0
0
0
0.0
0.0
-123.389021581
0.0
0
0
0.0
-123.389023044
0.0
0
0
0
0.0
-0.856865675548
0.0
0
0
0
-731.261890472
0.0
-609.131672776
0
0
0
0
0
0
0
0
0
0
0
0
0
0
0
0
0
0
0
0
0
0
0.0
0
0
0.0
0
0.0
0.0
0
0.0
0.0
0
0.0
0
0.0
0.0
0
0
0.0
0
0.0
0
0.0
0
0.0
0
0.0
0.0
0
0
0.0
0
-123.635308519
0
0
0
0.0
0.0
0.0
0
0
0
0.0
-613.876953316
-1.82703651379
0.0
0
0
-136.61625115
-1.72580768502
-13.1114789886
0
0
0
0
0
0
0
0
0
0
0
0
0
0
0
0
0
0
0
0
0
0
0
0
0
0.0
0
0
0.0
0
0.0
0.0
0
0
-1124.98888361
0
0.0
0
0
0.0
-15271.1685692
0
0.0
0.0
0
0.0
0.000254125737565
0
0.0
0.0
0
0.0
0.0
0
0.0
0.0
0
0.0
-0.0127879887903
0
0.0
0.0
0
0.0
-122.808441755
0
0.0
0.0
0
-3008.39480135
-597.978626298
-730.629086551
0
0
0
0
0
0
0
0
0
0
0
0
0
0
0
0
0
0
0
0
0
0
0
0
0
0.0
0
0
-197.325513891
0
0
0.0
0.0
0
266.736701819
0
0
0.0
0
0
-3054.23329141
0.0
0
0.0
0
0
1978.60311878
0.0
0.0
0.0
0
0.0
31930.9458268
0.0
0
0.0
0
0.0
660683.952702
0.0
0.0
0.0
0
0.0
-4.94482819247
0.0
0.0
0.0
0
0.0
-136.981773725
-2.03725177778e-07
0
0
0
0
0
0
0
0
0
0
0
0
0
0
0
0
0
0
0
0
0
0
0
0
0
0.0
0
0
0
0
0
0.0
0.0
0
0.0
0
0
0.0
0.0
0
0.0
0
0
0.0
0.0
0
574.491328393
0.0
0
0.0
0.0
0
54108.6983439
0
0.0
5.29414728104e+13
0.0
0.0
475.721732213
0.0
0.0
5.50191594384e+13
0
0
-15.0320614153
0.0
0.0
-5544548848.86
0
0
-123.532927211
0.0
0
0
0
0
0
0
0
0
0
0
0
0
0
0
0
0
0
0
0
0
0
0
0
0
0
0.0
0.0
0
0.0
0
0
0.0
0.0
0
0.0
0
0
0.0
0.0
0
0.0
0
0.0
0.0
0.0
0
-0.857719117216
0.0
0
0.0
0.0
0.0
-4.24608812517
0
0.0
0.0
0.0
0.0
-0.00724308024875
0
0.0
0.0
0.0
0.0
-123.96607147
0
0.0
0.0
0.0
0
-2.33764230451
0
0
0
0
0
0
0
0
0
0
0
0
0
0
0
0
0
0
0
0
0
0
0
0
0
0
0
0.0
0
0
0
0
0
0.0
0
0.0
0
0
0
0.0
0
0.0
0
0.0
0
0.0
0
-123.271618037
0.0
0
0.0
0.0
0.0
-0.735970922959
0
0.0
0
0.0
0
-123.388286398
0
0.0
0
0.0
0
-436.254148863
0
0.0
0
0.0
0
-108.722432885
0.0
0
0
0
0
0
0
0
0
0
0
0
0
0
0
0
0
0
0
0
0
0
0
0
0
0
0
0
0.0
0.0
0.0
0
0
0
0
0
0
0
0
0.0
0
0
0
0.0
0
0.0
0
-5.58182499186
0.0
0.0
0
0.0
0.0
-3096.90521259
0.0
0.0
0
0.0
0
113.01066814
0
0.0
0
0.0
0.0
14934.802653
0.0
0.0
0.0
0.0
0.0
-597.057056386
0.0
0
0
0
0
0
0
0
0
0
0
0
0
0
0
0
0
0
0
0
0
0
0
0
0
0
0
0
0.0
0.0
0
0
0
0
0.0
0.0
0.0
0
0
0
0.0
0.0
0.0
0
0
0
0.0
0.0
0.0
0
0
0
-24.8754733803
-121.32708977
-127.613003133
0
0
0
-1182.60199098
-0.733726217489
-15067.5067496
0
0
0
0.0
-0.171716732796
0.0
0
0
0
-612.807526109
-24.999999813
-147.069526202
0
0
0
0
0
0
0
0
0
0
0
0
0
0
0
0
0
0
0
0
0
0
0
0
0.0
0
0
0.0
0
0
0
0
0
0.0
0.0
0.0
0
0
0
0.0
-24.900324003
0.0
0
0
0
0.0
-24.9248781969
-24.7517640632
0
0
0
0.0
-24.9901450284
-0.32950105725
0
0
0
-122.777221775
-24.4491455905
-135.477055537
0
0
0
-0.0107617952318
-47.2867485484
-24.8501498982
0
0
0
-647.63696006
-25.0101098994
-2422.26175536
0
0
0
0
0
0
0
0
0
0
0
0
0
0
0
0
0
0
0
0
0
0.0
0.0
0
0.0
0
0
0.0
0.0
0.0
0
0
0
0.0
0
0.0
0
0
0
0.0
0
0.0
0
0
0
0.0
0.0
-0.148411493614
0
0
0
-24.9251746258
0.0
-147.33685747
0
0
0
0.0
-123.414117649
-0.0235469184545
0
0
0
-741.809634552
-0.26151869416
-10.5680085235
0
0
0
-24.7765158272
-0.00356415128883
-131.105528024
0
0
0
0
0
0
0
0
0
0
0
0
0
0
0
0
0
0
0
0
0
0.0
0
0
0.0
0
0
0
0
0
0
0
0
0.0
0
0
0
0
0
0.0
0.0
-148.091337528
0
0
0
0.0
0
-1.03677784432e-07
0.0
0
0
0.0
0.0
-163.342895003
0
0
0
0.0
0.0
-146.38950988
0
0
0
0.0
-24.6061107877
-125.027392005
0
0
0
-28.0358992992
-24.9979379663
-121.749227434
0
0
0
0
0
0
0
0
0
0
0
0
0
0
0
0
0
0
0
0
0
0
0
0
0
0.0
0
0.0
0
0
0
0.0
0
0.0
0
-24.8506722113
0.0
0
0
0
0
-0.0498485745131
0.0
0
0
0.0
0.0
-124.175576706
0.0
0
0
0.0
0.0
-25.8507324879
0
0
0
0.0
-24.9241906036
-734.852690364
0
0
0
0.0
-0.00153624381275
-3802.91203234
0
0
0
-134.930004417
0.0
-31.9496012244
0
0
0
0
0
0
0
0
0
0
0
0
0
0
0
0
0
0
0
0
0
0
0.0
0
0
0
0
0.0
0.0
0
0
0.0
0
0
0
0
0
0
0
0.0
0
0.0
0.0
0.0
0
0.0
0
0.0
0.0
0
0
-124.249674616
0
0.0
0.0
0
0
0.0
0.0
0.0
0
0
0
0.0
-25.4885394279
-0.00136418726363
0
0
0
-123.068090548
-24.9999952121
-4.41732493794
0
0
0
0
0
0
0
0
0
0
0
0
0
0
0
0
0
0
0
0
0
0
0
0
0
0
0
0
0.0
0
0.0
0.0
0.0
0
0
0.0
0.0
0
0
0
0.0
0.0
0.0
0.0
0
0.0
0.0
0.0
0.0
0.0
0
0.0
-24.727110716
-0.148214892718
0.0
0.0
0
-24.8258464636
-24.8259699506
-0.0741076664754
0.0
0
0
0.0
-24.9943154428
-124.005843909
0
0
0
0.0
-24.9955919585
-10.1608211066
0
0
0
0
0
0
0
0
0
0
0
0
0
0
0
0
0
0
0
0
0
0
-0.246388682241
0
0
0
0
0
-122.17553427
0
0
0.0
0.0
0
-122.173049578
0.0
0.0
0.0
0.0
0
-610.846340874
0.0
0.0
0.0
0.0
0
-3.19286814693e+17
-123.635430191
0.0
0.0
0.0
0.0
-3.24214557898
0.0
0.0
0.0
0
0.0
-7.49265569837
-24.900299202
0.0
0.0
0
0
7085.85425662
-0.0503425237749
0
0
0
0
-25.0226210791
-26.1527529602
0
0
0
0
0
0
0
0
0
0
0
0
0
0
0
0
0
0
0
0
0
0
0
0
0
0
0
0
0
0
0
0.0
0.0
0
-124.130342818
0
0
0.0
0.0
0
0.0
0.0
0
0.0
0.0
0
-24.7270617038
0.0
0
1.00409459351e+15
0.0
0.0
0.0
0.0
0.0
4.16443076136e+14
0.0
0.0
-148.069175417
0.0
0.0
-3.31748442095e+12
0.0
0.0
-0.751756546804
0.0
0
-9.48967317103e+11
0
0
-123.345016965
-123.635307049
0
0
0
0
0
0
0
0
0
0
0
0
0
0
0
0
0
0
0
0
0
0
0.0
0
0
0
0
0
0.0
0
0
0.0
0.0
0
-24.7765158272
0
0
0
0.0
0
0.0
0
0
0.0
0.0
0
-1.35606699972e-05
0.0
0
0.0
0.0
0.0
-0.0160688235284
0
0.0
0.0
0.0
0.0
-123.322621281
0.0
0.0
0.0
0.0
0.0
-121.719336464
0.0
0.0
0.0
0
0.0
-120.345961859
-0.198013127169
0
0
0
0
0
0
0
0
0
0
0
0
0
0
0
0
0
0
0
0
0
0
0
0
0
0
0
0
0.0
0
0
0
0.0
0
0.0
0
0
0
0.0
0
-25.3216696567
0
0.0
0
0.0
0
-24.8984553519
0
0
0
0.0
0.0
-0.196848857735
0
0.0
0
0.0
0
-1.40391771437
0
0.0
0
0.0
0.0
1.19274805522
0
0.0
0
0
0.0
-123.325904556
0
0
0
0
0
0
0
0
0
0
0
0
0
0
0
0
0
0
0
0
0
0
0
0
0
0
0
0
0.0
0.0
0
0
0
0
0
0
0
0
0
0
0
0
0
0.0
0
0.0
0.0
-740.716817693
0.0
0
0
0.0
0.0
-613.893332466
0
0.0
0
0.0
0
-122.417435712
0
0.0
0
0.0
0.0
-122.136681528
0
0.0
0.0
0.0
0.0
-26.4651805566
0
0
0
0
0
0
0
0
0
0
0
0
0
0
0
0
0
0
0
0
0
0
0
0
0
0
0
0
0.0
0.0
0.0
0
0
0
0.0
0
0.0
0
0
0
0.0
0
-4.9800648006
0
0
0
-29.9102095509
0.0
0.0
0
0
0
-24.8161435199
0
-29.8209549864
0
0
0
-4.99001996008
-4.98007968127
-24.9000278702
0
0
0
-29.7764167212
-4.97512437811
-760.174281173
0
0
0
-27.3409896085
-4.99999999996
-5.00554650647
0
0
0
0
0
0
0
0
0
0
0
0
0
0
0
0
0
0
0
0
0
0.0
0
0
0
0
0
0.0
0
0
0
0
0
0.0
-4.98007968127
0
0
0
0
0.0
-4.99991080437
0
0
0
0
0.0
-0.0495045533232
-124.054903809
0
0
0
-7.43293253821e-05
-4.99944655638
-4.98047491785
0
0
0
-5.1567610086
-24.6011025001
-4.99999955624
0
0
0
-0.11904537372
-24.9984419303
-37.9957251389
0
0
0
-4.99988119094
-5.0
-4.99999896867
0
0
0
0
0
0
0
0
0
0
0
0
0
0
0
0
0
0
0
0
0
0.0
0.0
0
0.0
0
0
0
0.0
0
0
0
0
0
0
0.0
0
0
0
0.0
0
0.0
0
0
0
0
-4.97017892644
-29.8604000279
0
0
0
-4.98007968127
0.0
-5.00194809059
0
0
0
-4.99001996008
-5.15719236228
-25.046067731
0
0
0
-4.98007968127
-154.244411993
-158.085877623
0
0
0
-4.99999999841
-4.95540755671
-5.1577741407
0
0
0
0
0
0
0
0
0
0
0
0
0
0
0
0
0
0
0
0
0
0
0
0
0.0
0
0
0
0
0.0
0
0
0
-4.97512437811
0
0.0
0
0
0
0
0.0
-123.518775727
0
0
0
0.0
0
-123.050516769
0
0
0
0
-4.98007968127
-0.171887595217
0
0
0
-4.9751045767
-4.97017892644
-769.880897634
0
0
0
-4.97017892644
-1.20810061958
-25.0000256018
0
0
0
-28.8822601386
-29.388905881
-24.9940885809
0
0
0
0
0
0
0
0
0
0
0
0
0
0
0
0
0
0
0
0
0
0
0
0
0.0
0.0
0
0.0
0
0
0
0.0
0
0
0
-5.09857242167
0.0
0
0
0.0
0
-0.0347554656938
0
0
0
0.0
-4.98007968127
-24.7437501826
0
0
0
0.0
-4.99991080437
-6.93083600905
0
0
0
-29.7027029667
-0.0345837841577
-29.7960993981
0
0
0
-4.98007968127
-4.99986152708
-152.21605268
0
0
0
-4.99999999969
-4.97017892644
-5.29002700047
0
0
0
0
0
0
0
0
0
0
0
0
0
0
0
0
0
0
0
0
0
0
0.0
0
0
0
0
0
-4.97512437811
0
0
0.0
0.0
0
0
4.94540245982
0.0
0
0
0.0
0.0
-4.9850448654
0.0
0
0
-4.9850448654
0.0
-19.8511115682
0.0
0
0
0.0
0.0
-4.99982199338
0
0
0
-24.9999929889
-0.0297022645006
-25.8293070818
0
0
0
-124.155815688
-4.995004995
-5.12338835792
0
0
0
-24.9999997538
-4.99999999716
-6.62542468647
0
0
0
0
0
0
0
0
0
0
0
0
0
0
0
0
0
0
0
0
0
0
0
0
0
0
0
0
0.0
0
0
0.0
0.0
0
0
0
0.0
0.0
0.0
0
0.0
0.0
0.0
0.0
0.0
0
-0.0198210943269
0.0
0.0
0
0
-4.99001996008
0.0
98.5140550677
0.0
0
0
-123.778169133
-29.6533949532
-24.8754240741
0
0
0
0.0
-24.7238657292
-4.98047452379
0
0
0
0.0
-4.99999999958
-26.7729056184
0
0
0
0
0
0
0
0
0
0
0
0
0
0
0
0
-4.99001996008
0
0
0
0
0
-0.000390553113817
0
0
0
0
0
-5.0
0
0
0.0
0.0
0
-24.4885790306
0.0
0.0
0.0
0.0
0
-5.0
0.0
0.0
0.0
0.0
0
-9.08277079914e+15
-24.9984701781
0.0
0.0
0.0
0.0
-3.98971454137
19.9978728269
0.0
0.0
0
0.0
-28.3456076888
-4.99999976286
0.0
0
0
0
14177.967375
-24.7768114321
0
0
0
0
-4.9999999999
-150.796215977
0
0
0
0
0
0
0
0
0
0
0
0
0
0
0
0
0
0
0
0
0
0
0
0
0
0
0
0
0.0
0
0
0.0
0.0
0
-0.099502091534
0.0
0
0.0
0.0
0
-4.97013940247
0.0
0
0.0
0.0
0
-4.99979242882
-29.8258463445
0.0
7.66666448653e+16
0.0
0.0
922.102800668
4.9949950349
0.0
-7.56700576719e+13
0.0
0.0
-19.8081028735
0
0.0
-3.99941773898e+14
0
0.0
-4.97561744114
-4.99999002993
0
0
0
-4.995004995
-29.4350616125
-4.99996023888
0
0
0
0
0
0
0
0
0
0
0
0
0
0
0
0
0
0
0
0
0
0
0.0
0
0
0
0
0
-4.98007968127
0
0
0
0.0
0
-4.99988119094
0
0
0
0.0
0
-29.7269869558
0.0
0
0.0
0.0
0
-4.9999996444
0
0
0.0
0.0
0.0
-3.83010098971
0.0
0.0
0
0.0
0
-4.99956217301
0.0
0.0
0.0
0
-4.995004995
4.89111121468
0.0
0
0.0
0
0.0
-4.99999982432
-148.116721711
0
0
0
0
0
0
0
0
0
0
0
0
0
0
0
0
0
0
0
0
0
0
0
0
0
0
0
-4.98007968127
0.0
0
0
0
0
0
0.0
0
0
0
0
0
-5.00037046069
0
0
0
0.0
-4.9800648006
-0.0592839110829
0.0
0
0
0.0
0.0
-0.0296727100086
0.0
0.0
0
0.0
0
-4.99960168715
0.0
0.0
0.0
0.0
0.0
-24.7582115097
-0.177740066053
0
0
0
0.0
-4.99999792068
24.8259501102
0
0
0
0
0
0
0
0
0
0
0
0
0
0
0
0
0
0
0
0
0
0
0
0
0
0
0
0.0
0
0
0
0
0
0
0
0
0
0
0
0
-0.59492955248
0
0
0
0.0
0.0
-5.09949792979
0.0
0
0
0
0
-29.9732987288
0
0.0
0
0.0
0
-24.9969139537
-4.99001498002
0.0
0
0.0
0
592.121907073
-4.98503492515
0.0
0.0
0
0
7.79796906007
4.99999002993
0
0
0
0
0
0
0
0
0
0
0
0
0
0
0
0
0
0
0
0
0
0
0
0
0
0
0
-1
-1
-1
0
0
0
-1
0
0
0
0
0
0
0
-1
0
0
0
-1
-1
-1
0
0
0
-1
-1
-1
0
0
0
-1
-1
-1
0
0
0
-1
-5.95540138751
-1
0
0
0
-1
-1
-1
0
0
0
0
0
0
0
0
0
0
0
0
0
0
0
0
0
0
0
0
0
-1
-1
0
0
0
0
0
-1
0
0
0
0
0
-1
-1
0
0
0
-1
-1
-1
0
0
0
0
-1
0
0
0
0
-1
-5.97017892644
-1
0
0
0
-1
-1
-1
0
0
0
-1
-5.96031746032
-1
0
0
0
-1
-1
-31.2815149509
0
0
0
0
0
0
0
0
0
0
0
0
0
0
0
0
0
0
0
0
0
-5.99400599401
-0.999000999001
0
0
0
0
0
-0.999000999001
0
0
0
0
-1
0
-1
0
0
0
0
-1
-1
0
0
0
-1
-1
-1
0
0
0
0
-1
-1
0
0
0
-1.0
-1
-5.96031746032
0
0
0
-1
-1
-1
0
0
0
-1
-1
-1
0
0
0
0
0
0
0
0
0
0
0
0
0
0
0
0
0
0
0
0
0
0
0
0
0.0
0.0
0
-0.999000999001
0
-0.998003992016
0
0
0
-0.999000999001
0
-0.999000999001
0
0
0
0
0
-30.8259579866
0
0
0
0
0
-1
0
0
0
-1
-1
-1
0
0
0
-1
-5.9850448654
-1
0
0
0
0
-1
-1
0
0
0
-1
-1
-1
0
0
0
0
0
0
0
0
0
0
0
0
0
0
0
0
0
0
0
0
0
0
0
0
0.0
0
0
0.999000999001
0
0
0
0.0
0
0
0
3.98006481251
0
0
0
-1
0
-1
0
0
0
-1
-1
-30.6678970091
0
0
0
-1
-1
-6.739862484
0
0
0
-1
-1
-1
0
0
0
-5.97017892644
-1
-30.8800825543
0
0
0
-1
-1
-5.99935492195
0
0
0
0
0
0
0
0
0
0
0
0
0
0
0
0
0
0
0
0
0
0
-1
0
0
0
0
0
-1.0
0
0
0.0
0.0
0
0
0.999999988095
0.0
0
0.0
0
-0.998003992016
3.91062683364
0
0
0
0
-1
-1
0
0
0
-1
-1
-1
0
0
0
-1
-1
-5.9850448654
0
0
0
-5.99001996008
-1
-30.7220660103
0
0
0
-1
-1
-1
0
0
0
0
0
0
0
0
0
0
0
0
0
0
0
0
0
0
0
0
0
0
0
0
0
0
0
0
-1
0
0
0
0.0
0
0
-0.999998005986
0
0.0
0.0
0
0
0.999940524872
0.0
0.0
0.0
0
-0.99999999967
-0.999999994036
0.0
0
0
-30.8803888036
-1
-1
0
0
0
-1
-1
-1
0
0
0
-1
-1
-1
0
0
0
0
-1
-1
0
0
0
0
0
0
0
0
0
0
0
0
0
0
0
0
-1
0
0
0
0
0
-1
0
0
0
0
0
-6.0
0
0
0
0
0
-1
0
0.0
0.0
0
0
-1
-0.999998005986
0.0
0.0
0.0
0
-2.50941959665e+16
0.999000999001
0.0
0.0
0
-0.999000999001
-0.998464636021
3.99999960459
0.0
0
0
0
-5.99999994303
-1.0
0
0
0
0
-5.92610837438
-1
0
0
0
-1
-1
-6.17137584308
0
0
0
0
0
0
0
0
0
0
0
0
0
0
0
0
0
0
0
0
0
0
0
0
0
0
0
0
-1
0
0
0
0
0
-5.99400599401
-0.999000999001
0
0.0
0
0
3.97017892644
-0.999000999001
0
0.0
0.0
0
-0.999992047777
-5.99992057687
0.0
-3.76600638227e+12
0.0
0.999998005986
0.985056936367
1.0
0.0
0
0.0
-1
-0.999992047777
-1.0
0
0.0
0
-1
-1
-5.9850448654
0
0
0
-1.0
-5.99964604276
-1
0
0
0
0
0
0
0
0
0
0
0
0
0
0
0
0
0
0
0
0
0
0
-1
0
0
0
0
-1
-1
0
0
0
0
0
-1
-1
0
0
0
0
-1
-1
0
0.0
0.0
-1
-5.96524329692
-1
0
0.0
0
3.99101398102
-0.999999960437
-0.999000999001
0.0
0.0
0
0
0.999992047777
0
0.0
0
0.0
0
-1.0
-1.0
0
0
0
-0.999000999001
-1
-1
0
0
0
0
0
0
0
0
0
0
0
0
0
0
0
0
0
0
0
0
0
0
0
0
0
0
0
-0.999000999001
-0.998003992016
0
0
0
0
0
-1
0
0
0
0
0
-1
0
0
0
0
-5.99001796607
-1
0
0
0
0.0
0
-1
-0.999000999001
0.0
0
0
0
-0.999999999794
-0.999000999001
0.0
0.0
0.0
0
0.960554135504
-4.07055583449
0
0.0
0
0
-1
3.98503691917
0
0
0
0
0
0
0
0
0
0
0
0
0
0
0
0
0
0
0
0
0
0
0
0
0
0
0
0
0
0
0
0
0
0
0
0
0
0
0
0
-1
0
0
0
0
-1
-1
-0.999000999001
0
0
0
0
-6.00011617785
-1
0
0
0.0
-1
-1
-0.999998005986
0.0
0
0.0
-1.0
-1.0
-1.00005946326
0
0.0
0.0
1
1.0
5.98007968127
